(kicad_pcb (version 20171130) (host pcbnew "(6.0.0-rc1-dev-209-g91e3d21d6)")

  (general
    (thickness 1.6)
    (drawings 18)
    (tracks 0)
    (zones 0)
    (modules 295)
    (nets 216)
  )

  (page A4)
  (layers
    (0 F.Cu signal)
    (31 B.Cu signal)
    (32 B.Adhes user)
    (33 F.Adhes user)
    (34 B.Paste user)
    (35 F.Paste user)
    (36 B.SilkS user)
    (37 F.SilkS user)
    (38 B.Mask user)
    (39 F.Mask user)
    (40 Dwgs.User user)
    (41 Cmts.User user)
    (42 Eco1.User user)
    (43 Eco2.User user)
    (44 Edge.Cuts user)
    (45 Margin user)
    (46 B.CrtYd user)
    (47 F.CrtYd user)
    (48 B.Fab user)
    (49 F.Fab user)
  )

  (setup
    (last_trace_width 0.25)
    (user_trace_width 0.4)
    (user_trace_width 0.6)
    (user_trace_width 0.8)
    (trace_clearance 0.2)
    (zone_clearance 0.508)
    (zone_45_only no)
    (trace_min 0.2)
    (via_size 0.8)
    (via_drill 0.4)
    (via_min_size 0.4)
    (via_min_drill 0.3)
    (uvia_size 0.3)
    (uvia_drill 0.1)
    (uvias_allowed no)
    (uvia_min_size 0.2)
    (uvia_min_drill 0.1)
    (edge_width 0.1)
    (segment_width 0.2)
    (pcb_text_width 0.3)
    (pcb_text_size 1.5 1.5)
    (mod_edge_width 0.15)
    (mod_text_size 1 1)
    (mod_text_width 0.15)
    (pad_size 1.5 1.5)
    (pad_drill 0)
    (pad_to_mask_clearance 0)
    (aux_axis_origin 0 0)
    (visible_elements FFFFEF7F)
    (pcbplotparams
      (layerselection 0x010fc_ffffffff)
      (usegerberextensions false)
      (usegerberattributes false)
      (usegerberadvancedattributes false)
      (creategerberjobfile false)
      (excludeedgelayer true)
      (linewidth 0.050000)
      (plotframeref false)
      (viasonmask false)
      (mode 1)
      (useauxorigin false)
      (hpglpennumber 1)
      (hpglpenspeed 20)
      (hpglpendiameter 15.000000)
      (psnegative false)
      (psa4output false)
      (plotreference true)
      (plotvalue true)
      (plotinvisibletext false)
      (padsonsilk false)
      (subtractmaskfromsilk false)
      (outputformat 1)
      (mirror false)
      (drillshape 1)
      (scaleselection 1)
      (outputdirectory ""))
  )

  (net 0 "")
  (net 1 "Net-(C1-Pad1)")
  (net 2 "Net-(C1-Pad2)")
  (net 3 "Net-(C2-Pad2)")
  (net 4 "Net-(C2-Pad1)")
  (net 5 "Net-(C3-Pad1)")
  (net 6 "Net-(C3-Pad2)")
  (net 7 "Net-(C4-Pad1)")
  (net 8 "Net-(C4-Pad2)")
  (net 9 "Net-(C5-Pad1)")
  (net 10 "Net-(C5-Pad2)")
  (net 11 "Net-(C6-Pad2)")
  (net 12 "Net-(C6-Pad1)")
  (net 13 "Net-(C7-Pad1)")
  (net 14 "Net-(C7-Pad2)")
  (net 15 "Net-(C8-Pad1)")
  (net 16 "Net-(C8-Pad2)")
  (net 17 "Net-(C9-Pad2)")
  (net 18 "Net-(C9-Pad1)")
  (net 19 "Net-(C10-Pad1)")
  (net 20 "Net-(C10-Pad2)")
  (net 21 "Net-(C11-Pad2)")
  (net 22 "Net-(C11-Pad1)")
  (net 23 "Net-(C12-Pad2)")
  (net 24 "Net-(C12-Pad1)")
  (net 25 "Net-(C13-Pad2)")
  (net 26 "Net-(C16-Pad1)")
  (net 27 "Net-(C16-Pad2)")
  (net 28 "Net-(C18-Pad1)")
  (net 29 "Net-(C18-Pad2)")
  (net 30 "Net-(C19-Pad1)")
  (net 31 "Net-(C19-Pad2)")
  (net 32 "Net-(C20-Pad2)")
  (net 33 GND)
  (net 34 "Net-(C21-Pad2)")
  (net 35 -12V)
  (net 36 +12V)
  (net 37 "Net-(C26-Pad2)")
  (net 38 "Net-(C27-Pad2)")
  (net 39 "Net-(C28-Pad1)")
  (net 40 "Net-(C28-Pad2)")
  (net 41 "Net-(C29-Pad2)")
  (net 42 "Net-(C29-Pad1)")
  (net 43 "Net-(C30-Pad1)")
  (net 44 "Net-(C30-Pad2)")
  (net 45 "Net-(C31-Pad1)")
  (net 46 "Net-(C31-Pad2)")
  (net 47 "Net-(C32-Pad2)")
  (net 48 "Net-(C32-Pad1)")
  (net 49 "Net-(C33-Pad1)")
  (net 50 "Net-(C33-Pad2)")
  (net 51 SR2)
  (net 52 +7.5V)
  (net 53 "Net-(C42-Pad2)")
  (net 54 "Net-(C42-Pad1)")
  (net 55 "Net-(C43-Pad2)")
  (net 56 -8V)
  (net 57 "Net-(C45-Pad2)")
  (net 58 "Net-(C46-Pad2)")
  (net 59 "Net-(C47-Pad2)")
  (net 60 "Net-(C48-Pad2)")
  (net 61 "Net-(C49-Pad2)")
  (net 62 "Net-(C50-Pad2)")
  (net 63 "Net-(C52-Pad2)")
  (net 64 "Net-(C52-Pad1)")
  (net 65 "Net-(C53-Pad2)")
  (net 66 "Net-(C54-Pad2)")
  (net 67 "Net-(C55-Pad2)")
  (net 68 "Net-(C56-Pad2)")
  (net 69 "Net-(C57-Pad2)")
  (net 70 "Net-(C58-Pad2)")
  (net 71 "Net-(C58-Pad1)")
  (net 72 "Net-(C59-Pad2)")
  (net 73 "Net-(C60-Pad2)")
  (net 74 "Net-(D1-Pad2)")
  (net 75 SR1)
  (net 76 "Net-(D2-Pad1)")
  (net 77 "Net-(D3-Pad2)")
  (net 78 "Net-(D4-Pad1)")
  (net 79 "Net-(D6-Pad1)")
  (net 80 "Net-(D8-Pad1)")
  (net 81 "Net-(D10-Pad1)")
  (net 82 "Net-(D12-Pad1)")
  (net 83 "Net-(D14-Pad2)")
  (net 84 "Net-(D14-Pad1)")
  (net 85 "Net-(D15-Pad1)")
  (net 86 "Net-(D15-Pad2)")
  (net 87 "Net-(FILT_OUT1-Pad1)")
  (net 88 "Net-(J9-Pad1)")
  (net 89 "Net-(J10-Pad1)")
  (net 90 "Net-(J11-Pad1)")
  (net 91 "Net-(J12-Pad1)")
  (net 92 "/shift register/CLOCK")
  (net 93 "Net-(J14-Pad1)")
  (net 94 "Net-(J15-Pad1)")
  (net 95 "Net-(J16-Pad1)")
  (net 96 "Net-(J17-Pad1)")
  (net 97 "Net-(J22-Pad1)")
  (net 98 "Net-(J24-Pad1)")
  (net 99 "Net-(J25-Pad1)")
  (net 100 "Net-(J28-Pad1)")
  (net 101 "Net-(J29-Pad1)")
  (net 102 "Net-(J32-Pad1)")
  (net 103 "Net-(J33-Pad1)")
  (net 104 "Net-(J36-Pad1)")
  (net 105 "Net-(J37-Pad1)")
  (net 106 "Net-(J38-Pad1)")
  (net 107 "Net-(J39-Pad1)")
  (net 108 "Net-(J40-Pad1)")
  (net 109 "Net-(J41-Pad1)")
  (net 110 "Net-(J42-Pad1)")
  (net 111 "Net-(J43-Pad1)")
  (net 112 "Net-(J46-Pad1)")
  (net 113 "Net-(J47-Pad1)")
  (net 114 "Net-(J48-Pad1)")
  (net 115 "Net-(J49-Pad1)")
  (net 116 "Net-(J50-Pad1)")
  (net 117 "Net-(J51-Pad1)")
  (net 118 "Net-(J53-Pad1)")
  (net 119 "Net-(J54-Pad1)")
  (net 120 "Net-(J56-Pad1)")
  (net 121 "Net-(J58-Pad1)")
  (net 122 "Net-(J61-Pad1)")
  (net 123 "Net-(J64-Pad1)")
  (net 124 "Net-(J68-Pad1)")
  (net 125 "Net-(J69-Pad1)")
  (net 126 "Net-(M1-Pad2)")
  (net 127 "Net-(M2-Pad3)")
  (net 128 "Net-(M2-Pad2)")
  (net 129 "/shift register/SR5")
  (net 130 "/shift register/SR9")
  (net 131 "/shift register/SR6")
  (net 132 "/shift register/SR7")
  (net 133 "Net-(Q19-Pad2)")
  (net 134 "Net-(Q19-Pad1)")
  (net 135 "Net-(Q20-Pad1)")
  (net 136 "Net-(Q21-Pad1)")
  (net 137 "Net-(Q21-Pad2)")
  (net 138 "Net-(Q21-Pad3)")
  (net 139 "Net-(Q22-Pad1)")
  (net 140 "Net-(Q23-Pad1)")
  (net 141 "Net-(Q23-Pad2)")
  (net 142 "Net-(Q24-Pad1)")
  (net 143 "Net-(Q25-Pad3)")
  (net 144 "Net-(Q26-Pad3)")
  (net 145 "Net-(Q30-Pad1)")
  (net 146 "Net-(Q31-Pad1)")
  (net 147 "Net-(Q32-Pad1)")
  (net 148 "Net-(Q32-Pad2)")
  (net 149 "Net-(Q33-Pad2)")
  (net 150 "Net-(Q34-Pad2)")
  (net 151 "Net-(Q35-Pad2)")
  (net 152 "Net-(Q36-Pad1)")
  (net 153 "Net-(Q37-Pad1)")
  (net 154 "Net-(Q39-Pad2)")
  (net 155 "/shift register/SR8")
  (net 156 "Net-(Q46-Pad3)")
  (net 157 "Net-(Q46-Pad2)")
  (net 158 "Net-(Q46-Pad1)")
  (net 159 "Net-(Q51-Pad3)")
  (net 160 "Net-(Q51-Pad2)")
  (net 161 "Net-(Q51-Pad1)")
  (net 162 "Net-(Q52-Pad2)")
  (net 163 "Net-(Q52-Pad3)")
  (net 164 "Net-(Q53-Pad3)")
  (net 165 "Net-(Q54-Pad1)")
  (net 166 "Net-(Q55-Pad1)")
  (net 167 "Net-(R1-Pad2)")
  (net 168 "Net-(R2-Pad1)")
  (net 169 "Net-(R36-Pad1)")
  (net 170 "Net-(R37-Pad1)")
  (net 171 "Net-(R53-Pad1)")
  (net 172 "Net-(R54-Pad1)")
  (net 173 "Net-(R57-Pad1)")
  (net 174 "Net-(R61-Pad1)")
  (net 175 "Net-(R63-Pad1)")
  (net 176 "Net-(R64-Pad1)")
  (net 177 "Net-(R65-Pad1)")
  (net 178 "Net-(R70-Pad1)")
  (net 179 "Net-(R71-Pad1)")
  (net 180 "Net-(R72-Pad1)")
  (net 181 "Net-(R73-Pad1)")
  (net 182 "Net-(R100-Pad1)")
  (net 183 "Net-(U1-Pad1)")
  (net 184 "Net-(U1-Pad5)")
  (net 185 "Net-(U1-Pad8)")
  (net 186 "Net-(U8-Pad1)")
  (net 187 "Net-(U8-Pad5)")
  (net 188 "Net-(U8-Pad8)")
  (net 189 "Net-(U9-Pad5)")
  (net 190 /switchedfilter/C1)
  (net 191 /switchedfilter/C2)
  (net 192 /switchedfilter/C3)
  (net 193 "Net-(U11-Pad1)")
  (net 194 "Net-(U11-Pad5)")
  (net 195 "Net-(U11-Pad8)")
  (net 196 "Net-(U12-Pad3)")
  (net 197 "Net-(U12-Pad4)")
  (net 198 "Net-(U12-Pad5)")
  (net 199 "Net-(U12-Pad6)")
  (net 200 "Net-(U13-Pad8)")
  (net 201 "Net-(U13-Pad5)")
  (net 202 "Net-(U13-Pad1)")
  (net 203 "Net-(U15-Pad1)")
  (net 204 "Net-(U15-Pad5)")
  (net 205 "Net-(U15-Pad8)")
  (net 206 "Net-(U17-Pad5)")
  (net 207 "/shift register/SR3")
  (net 208 "/shift register/SR4")
  (net 209 "Net-(J1-Pad1)")
  (net 210 "Net-(R12-Pad2)")
  (net 211 "Net-(U6-Pad8)")
  (net 212 "Net-(U6-Pad5)")
  (net 213 "Net-(U6-Pad1)")
  (net 214 "Net-(C14-Pad2)")
  (net 215 "Net-(C15-Pad1)")

  (net_class Default "This is the default net class."
    (clearance 0.2)
    (trace_width 0.25)
    (via_dia 0.8)
    (via_drill 0.4)
    (uvia_dia 0.3)
    (uvia_drill 0.1)
    (add_net +12V)
    (add_net +7.5V)
    (add_net -12V)
    (add_net -8V)
    (add_net "/shift register/CLOCK")
    (add_net "/shift register/SR3")
    (add_net "/shift register/SR4")
    (add_net "/shift register/SR5")
    (add_net "/shift register/SR6")
    (add_net "/shift register/SR7")
    (add_net "/shift register/SR8")
    (add_net "/shift register/SR9")
    (add_net /switchedfilter/C1)
    (add_net /switchedfilter/C2)
    (add_net /switchedfilter/C3)
    (add_net GND)
    (add_net "Net-(C1-Pad1)")
    (add_net "Net-(C1-Pad2)")
    (add_net "Net-(C10-Pad1)")
    (add_net "Net-(C10-Pad2)")
    (add_net "Net-(C11-Pad1)")
    (add_net "Net-(C11-Pad2)")
    (add_net "Net-(C12-Pad1)")
    (add_net "Net-(C12-Pad2)")
    (add_net "Net-(C13-Pad2)")
    (add_net "Net-(C14-Pad2)")
    (add_net "Net-(C15-Pad1)")
    (add_net "Net-(C16-Pad1)")
    (add_net "Net-(C16-Pad2)")
    (add_net "Net-(C18-Pad1)")
    (add_net "Net-(C18-Pad2)")
    (add_net "Net-(C19-Pad1)")
    (add_net "Net-(C19-Pad2)")
    (add_net "Net-(C2-Pad1)")
    (add_net "Net-(C2-Pad2)")
    (add_net "Net-(C20-Pad2)")
    (add_net "Net-(C21-Pad2)")
    (add_net "Net-(C26-Pad2)")
    (add_net "Net-(C27-Pad2)")
    (add_net "Net-(C28-Pad1)")
    (add_net "Net-(C28-Pad2)")
    (add_net "Net-(C29-Pad1)")
    (add_net "Net-(C29-Pad2)")
    (add_net "Net-(C3-Pad1)")
    (add_net "Net-(C3-Pad2)")
    (add_net "Net-(C30-Pad1)")
    (add_net "Net-(C30-Pad2)")
    (add_net "Net-(C31-Pad1)")
    (add_net "Net-(C31-Pad2)")
    (add_net "Net-(C32-Pad1)")
    (add_net "Net-(C32-Pad2)")
    (add_net "Net-(C33-Pad1)")
    (add_net "Net-(C33-Pad2)")
    (add_net "Net-(C4-Pad1)")
    (add_net "Net-(C4-Pad2)")
    (add_net "Net-(C42-Pad1)")
    (add_net "Net-(C42-Pad2)")
    (add_net "Net-(C43-Pad2)")
    (add_net "Net-(C45-Pad2)")
    (add_net "Net-(C46-Pad2)")
    (add_net "Net-(C47-Pad2)")
    (add_net "Net-(C48-Pad2)")
    (add_net "Net-(C49-Pad2)")
    (add_net "Net-(C5-Pad1)")
    (add_net "Net-(C5-Pad2)")
    (add_net "Net-(C50-Pad2)")
    (add_net "Net-(C52-Pad1)")
    (add_net "Net-(C52-Pad2)")
    (add_net "Net-(C53-Pad2)")
    (add_net "Net-(C54-Pad2)")
    (add_net "Net-(C55-Pad2)")
    (add_net "Net-(C56-Pad2)")
    (add_net "Net-(C57-Pad2)")
    (add_net "Net-(C58-Pad1)")
    (add_net "Net-(C58-Pad2)")
    (add_net "Net-(C59-Pad2)")
    (add_net "Net-(C6-Pad1)")
    (add_net "Net-(C6-Pad2)")
    (add_net "Net-(C60-Pad2)")
    (add_net "Net-(C7-Pad1)")
    (add_net "Net-(C7-Pad2)")
    (add_net "Net-(C8-Pad1)")
    (add_net "Net-(C8-Pad2)")
    (add_net "Net-(C9-Pad1)")
    (add_net "Net-(C9-Pad2)")
    (add_net "Net-(D1-Pad2)")
    (add_net "Net-(D10-Pad1)")
    (add_net "Net-(D12-Pad1)")
    (add_net "Net-(D14-Pad1)")
    (add_net "Net-(D14-Pad2)")
    (add_net "Net-(D15-Pad1)")
    (add_net "Net-(D15-Pad2)")
    (add_net "Net-(D2-Pad1)")
    (add_net "Net-(D3-Pad2)")
    (add_net "Net-(D4-Pad1)")
    (add_net "Net-(D6-Pad1)")
    (add_net "Net-(D8-Pad1)")
    (add_net "Net-(FILT_OUT1-Pad1)")
    (add_net "Net-(J1-Pad1)")
    (add_net "Net-(J10-Pad1)")
    (add_net "Net-(J11-Pad1)")
    (add_net "Net-(J12-Pad1)")
    (add_net "Net-(J14-Pad1)")
    (add_net "Net-(J15-Pad1)")
    (add_net "Net-(J16-Pad1)")
    (add_net "Net-(J17-Pad1)")
    (add_net "Net-(J22-Pad1)")
    (add_net "Net-(J24-Pad1)")
    (add_net "Net-(J25-Pad1)")
    (add_net "Net-(J28-Pad1)")
    (add_net "Net-(J29-Pad1)")
    (add_net "Net-(J32-Pad1)")
    (add_net "Net-(J33-Pad1)")
    (add_net "Net-(J36-Pad1)")
    (add_net "Net-(J37-Pad1)")
    (add_net "Net-(J38-Pad1)")
    (add_net "Net-(J39-Pad1)")
    (add_net "Net-(J40-Pad1)")
    (add_net "Net-(J41-Pad1)")
    (add_net "Net-(J42-Pad1)")
    (add_net "Net-(J43-Pad1)")
    (add_net "Net-(J46-Pad1)")
    (add_net "Net-(J47-Pad1)")
    (add_net "Net-(J48-Pad1)")
    (add_net "Net-(J49-Pad1)")
    (add_net "Net-(J50-Pad1)")
    (add_net "Net-(J51-Pad1)")
    (add_net "Net-(J53-Pad1)")
    (add_net "Net-(J54-Pad1)")
    (add_net "Net-(J56-Pad1)")
    (add_net "Net-(J58-Pad1)")
    (add_net "Net-(J61-Pad1)")
    (add_net "Net-(J64-Pad1)")
    (add_net "Net-(J68-Pad1)")
    (add_net "Net-(J69-Pad1)")
    (add_net "Net-(J9-Pad1)")
    (add_net "Net-(M1-Pad2)")
    (add_net "Net-(M2-Pad2)")
    (add_net "Net-(M2-Pad3)")
    (add_net "Net-(Q19-Pad1)")
    (add_net "Net-(Q19-Pad2)")
    (add_net "Net-(Q20-Pad1)")
    (add_net "Net-(Q21-Pad1)")
    (add_net "Net-(Q21-Pad2)")
    (add_net "Net-(Q21-Pad3)")
    (add_net "Net-(Q22-Pad1)")
    (add_net "Net-(Q23-Pad1)")
    (add_net "Net-(Q23-Pad2)")
    (add_net "Net-(Q24-Pad1)")
    (add_net "Net-(Q25-Pad3)")
    (add_net "Net-(Q26-Pad3)")
    (add_net "Net-(Q30-Pad1)")
    (add_net "Net-(Q31-Pad1)")
    (add_net "Net-(Q32-Pad1)")
    (add_net "Net-(Q32-Pad2)")
    (add_net "Net-(Q33-Pad2)")
    (add_net "Net-(Q34-Pad2)")
    (add_net "Net-(Q35-Pad2)")
    (add_net "Net-(Q36-Pad1)")
    (add_net "Net-(Q37-Pad1)")
    (add_net "Net-(Q39-Pad2)")
    (add_net "Net-(Q46-Pad1)")
    (add_net "Net-(Q46-Pad2)")
    (add_net "Net-(Q46-Pad3)")
    (add_net "Net-(Q51-Pad1)")
    (add_net "Net-(Q51-Pad2)")
    (add_net "Net-(Q51-Pad3)")
    (add_net "Net-(Q52-Pad2)")
    (add_net "Net-(Q52-Pad3)")
    (add_net "Net-(Q53-Pad3)")
    (add_net "Net-(Q54-Pad1)")
    (add_net "Net-(Q55-Pad1)")
    (add_net "Net-(R1-Pad2)")
    (add_net "Net-(R100-Pad1)")
    (add_net "Net-(R12-Pad2)")
    (add_net "Net-(R2-Pad1)")
    (add_net "Net-(R36-Pad1)")
    (add_net "Net-(R37-Pad1)")
    (add_net "Net-(R53-Pad1)")
    (add_net "Net-(R54-Pad1)")
    (add_net "Net-(R57-Pad1)")
    (add_net "Net-(R61-Pad1)")
    (add_net "Net-(R63-Pad1)")
    (add_net "Net-(R64-Pad1)")
    (add_net "Net-(R65-Pad1)")
    (add_net "Net-(R70-Pad1)")
    (add_net "Net-(R71-Pad1)")
    (add_net "Net-(R72-Pad1)")
    (add_net "Net-(R73-Pad1)")
    (add_net "Net-(U1-Pad1)")
    (add_net "Net-(U1-Pad5)")
    (add_net "Net-(U1-Pad8)")
    (add_net "Net-(U11-Pad1)")
    (add_net "Net-(U11-Pad5)")
    (add_net "Net-(U11-Pad8)")
    (add_net "Net-(U12-Pad3)")
    (add_net "Net-(U12-Pad4)")
    (add_net "Net-(U12-Pad5)")
    (add_net "Net-(U12-Pad6)")
    (add_net "Net-(U13-Pad1)")
    (add_net "Net-(U13-Pad5)")
    (add_net "Net-(U13-Pad8)")
    (add_net "Net-(U15-Pad1)")
    (add_net "Net-(U15-Pad5)")
    (add_net "Net-(U15-Pad8)")
    (add_net "Net-(U17-Pad5)")
    (add_net "Net-(U6-Pad1)")
    (add_net "Net-(U6-Pad5)")
    (add_net "Net-(U6-Pad8)")
    (add_net "Net-(U8-Pad1)")
    (add_net "Net-(U8-Pad5)")
    (add_net "Net-(U8-Pad8)")
    (add_net "Net-(U9-Pad5)")
    (add_net SR1)
    (add_net SR2)
  )

  (module SMD_Packages:SMD-1206_Pol (layer F.Cu) (tedit 0) (tstamp 5C120D7A)
    (at 39.37 172.212)
    (path /5BD3569E)
    (attr smd)
    (fp_text reference C1 (at 0 0) (layer F.SilkS)
      (effects (font (size 1 1) (thickness 0.15)))
    )
    (fp_text value 10u (at 0 0) (layer F.Fab)
      (effects (font (size 1 1) (thickness 0.15)))
    )
    (fp_line (start -2.54 -1.143) (end -2.794 -1.143) (layer F.SilkS) (width 0.15))
    (fp_line (start -2.794 -1.143) (end -2.794 1.143) (layer F.SilkS) (width 0.15))
    (fp_line (start -2.794 1.143) (end -2.54 1.143) (layer F.SilkS) (width 0.15))
    (fp_line (start -2.54 -1.143) (end -2.54 1.143) (layer F.SilkS) (width 0.15))
    (fp_line (start -2.54 1.143) (end -0.889 1.143) (layer F.SilkS) (width 0.15))
    (fp_line (start 0.889 -1.143) (end 2.54 -1.143) (layer F.SilkS) (width 0.15))
    (fp_line (start 2.54 -1.143) (end 2.54 1.143) (layer F.SilkS) (width 0.15))
    (fp_line (start 2.54 1.143) (end 0.889 1.143) (layer F.SilkS) (width 0.15))
    (fp_line (start -0.889 -1.143) (end -2.54 -1.143) (layer F.SilkS) (width 0.15))
    (pad 1 smd rect (at -1.651 0) (size 1.524 2.032) (layers F.Cu F.Paste F.Mask)
      (net 1 "Net-(C1-Pad1)"))
    (pad 2 smd rect (at 1.651 0) (size 1.524 2.032) (layers F.Cu F.Paste F.Mask)
      (net 2 "Net-(C1-Pad2)"))
    (model SMD_Packages.3dshapes/SMD-1206_Pol.wrl
      (at (xyz 0 0 0))
      (scale (xyz 0.17 0.16 0.16))
      (rotate (xyz 0 0 0))
    )
  )

  (module SMD_Packages:SMD-1206_Pol (layer F.Cu) (tedit 0) (tstamp 5C120D89)
    (at 57.15 171.704 180)
    (path /5BD03889)
    (attr smd)
    (fp_text reference C2 (at 0 0 180) (layer F.SilkS)
      (effects (font (size 1 1) (thickness 0.15)))
    )
    (fp_text value 10u (at 0 0 180) (layer F.Fab)
      (effects (font (size 1 1) (thickness 0.15)))
    )
    (fp_line (start -0.889 -1.143) (end -2.54 -1.143) (layer F.SilkS) (width 0.15))
    (fp_line (start 2.54 1.143) (end 0.889 1.143) (layer F.SilkS) (width 0.15))
    (fp_line (start 2.54 -1.143) (end 2.54 1.143) (layer F.SilkS) (width 0.15))
    (fp_line (start 0.889 -1.143) (end 2.54 -1.143) (layer F.SilkS) (width 0.15))
    (fp_line (start -2.54 1.143) (end -0.889 1.143) (layer F.SilkS) (width 0.15))
    (fp_line (start -2.54 -1.143) (end -2.54 1.143) (layer F.SilkS) (width 0.15))
    (fp_line (start -2.794 1.143) (end -2.54 1.143) (layer F.SilkS) (width 0.15))
    (fp_line (start -2.794 -1.143) (end -2.794 1.143) (layer F.SilkS) (width 0.15))
    (fp_line (start -2.54 -1.143) (end -2.794 -1.143) (layer F.SilkS) (width 0.15))
    (pad 2 smd rect (at 1.651 0 180) (size 1.524 2.032) (layers F.Cu F.Paste F.Mask)
      (net 3 "Net-(C2-Pad2)"))
    (pad 1 smd rect (at -1.651 0 180) (size 1.524 2.032) (layers F.Cu F.Paste F.Mask)
      (net 4 "Net-(C2-Pad1)"))
    (model SMD_Packages.3dshapes/SMD-1206_Pol.wrl
      (at (xyz 0 0 0))
      (scale (xyz 0.17 0.16 0.16))
      (rotate (xyz 0 0 0))
    )
  )

  (module SMD_Packages:SMD-1206_Pol (layer F.Cu) (tedit 0) (tstamp 5C120D98)
    (at 179.578 90.17 270)
    (path /5C0A69D0/5C1E2B16)
    (attr smd)
    (fp_text reference C3 (at 0 0 270) (layer F.SilkS)
      (effects (font (size 1 1) (thickness 0.15)))
    )
    (fp_text value 10u (at 0 0 270) (layer F.Fab)
      (effects (font (size 1 1) (thickness 0.15)))
    )
    (fp_line (start -2.54 -1.143) (end -2.794 -1.143) (layer F.SilkS) (width 0.15))
    (fp_line (start -2.794 -1.143) (end -2.794 1.143) (layer F.SilkS) (width 0.15))
    (fp_line (start -2.794 1.143) (end -2.54 1.143) (layer F.SilkS) (width 0.15))
    (fp_line (start -2.54 -1.143) (end -2.54 1.143) (layer F.SilkS) (width 0.15))
    (fp_line (start -2.54 1.143) (end -0.889 1.143) (layer F.SilkS) (width 0.15))
    (fp_line (start 0.889 -1.143) (end 2.54 -1.143) (layer F.SilkS) (width 0.15))
    (fp_line (start 2.54 -1.143) (end 2.54 1.143) (layer F.SilkS) (width 0.15))
    (fp_line (start 2.54 1.143) (end 0.889 1.143) (layer F.SilkS) (width 0.15))
    (fp_line (start -0.889 -1.143) (end -2.54 -1.143) (layer F.SilkS) (width 0.15))
    (pad 1 smd rect (at -1.651 0 270) (size 1.524 2.032) (layers F.Cu F.Paste F.Mask)
      (net 5 "Net-(C3-Pad1)"))
    (pad 2 smd rect (at 1.651 0 270) (size 1.524 2.032) (layers F.Cu F.Paste F.Mask)
      (net 6 "Net-(C3-Pad2)"))
    (model SMD_Packages.3dshapes/SMD-1206_Pol.wrl
      (at (xyz 0 0 0))
      (scale (xyz 0.17 0.16 0.16))
      (rotate (xyz 0 0 0))
    )
  )

  (module Capacitors_SMD:C_0805 (layer F.Cu) (tedit 58AA8463) (tstamp 5C120DA9)
    (at 144.78 100.838)
    (descr "Capacitor SMD 0805, reflow soldering, AVX (see smccp.pdf)")
    (tags "capacitor 0805")
    (path /5BAC374C/5BB5DC4F)
    (attr smd)
    (fp_text reference C4 (at 0 -1.5) (layer F.SilkS)
      (effects (font (size 1 1) (thickness 0.15)))
    )
    (fp_text value 1N (at 0 1.75) (layer F.Fab)
      (effects (font (size 1 1) (thickness 0.15)))
    )
    (fp_text user %R (at 0 -1.5) (layer F.Fab)
      (effects (font (size 1 1) (thickness 0.15)))
    )
    (fp_line (start -1 0.62) (end -1 -0.62) (layer F.Fab) (width 0.1))
    (fp_line (start 1 0.62) (end -1 0.62) (layer F.Fab) (width 0.1))
    (fp_line (start 1 -0.62) (end 1 0.62) (layer F.Fab) (width 0.1))
    (fp_line (start -1 -0.62) (end 1 -0.62) (layer F.Fab) (width 0.1))
    (fp_line (start 0.5 -0.85) (end -0.5 -0.85) (layer F.SilkS) (width 0.12))
    (fp_line (start -0.5 0.85) (end 0.5 0.85) (layer F.SilkS) (width 0.12))
    (fp_line (start -1.75 -0.88) (end 1.75 -0.88) (layer F.CrtYd) (width 0.05))
    (fp_line (start -1.75 -0.88) (end -1.75 0.87) (layer F.CrtYd) (width 0.05))
    (fp_line (start 1.75 0.87) (end 1.75 -0.88) (layer F.CrtYd) (width 0.05))
    (fp_line (start 1.75 0.87) (end -1.75 0.87) (layer F.CrtYd) (width 0.05))
    (pad 1 smd rect (at -1 0) (size 1 1.25) (layers F.Cu F.Paste F.Mask)
      (net 7 "Net-(C4-Pad1)"))
    (pad 2 smd rect (at 1 0) (size 1 1.25) (layers F.Cu F.Paste F.Mask)
      (net 8 "Net-(C4-Pad2)"))
    (model Capacitors_SMD.3dshapes/C_0805.wrl
      (at (xyz 0 0 0))
      (scale (xyz 1 1 1))
      (rotate (xyz 0 0 0))
    )
  )

  (module SMD_Packages:SMD-1206_Pol (layer F.Cu) (tedit 0) (tstamp 5C120DB8)
    (at 114.554 92.456 90)
    (path /5C0A69D0/5C058E17)
    (attr smd)
    (fp_text reference C5 (at 0 0 90) (layer F.SilkS)
      (effects (font (size 1 1) (thickness 0.15)))
    )
    (fp_text value 47u (at 0 0 90) (layer F.Fab)
      (effects (font (size 1 1) (thickness 0.15)))
    )
    (fp_line (start -2.54 -1.143) (end -2.794 -1.143) (layer F.SilkS) (width 0.15))
    (fp_line (start -2.794 -1.143) (end -2.794 1.143) (layer F.SilkS) (width 0.15))
    (fp_line (start -2.794 1.143) (end -2.54 1.143) (layer F.SilkS) (width 0.15))
    (fp_line (start -2.54 -1.143) (end -2.54 1.143) (layer F.SilkS) (width 0.15))
    (fp_line (start -2.54 1.143) (end -0.889 1.143) (layer F.SilkS) (width 0.15))
    (fp_line (start 0.889 -1.143) (end 2.54 -1.143) (layer F.SilkS) (width 0.15))
    (fp_line (start 2.54 -1.143) (end 2.54 1.143) (layer F.SilkS) (width 0.15))
    (fp_line (start 2.54 1.143) (end 0.889 1.143) (layer F.SilkS) (width 0.15))
    (fp_line (start -0.889 -1.143) (end -2.54 -1.143) (layer F.SilkS) (width 0.15))
    (pad 1 smd rect (at -1.651 0 90) (size 1.524 2.032) (layers F.Cu F.Paste F.Mask)
      (net 9 "Net-(C5-Pad1)"))
    (pad 2 smd rect (at 1.651 0 90) (size 1.524 2.032) (layers F.Cu F.Paste F.Mask)
      (net 10 "Net-(C5-Pad2)"))
    (model SMD_Packages.3dshapes/SMD-1206_Pol.wrl
      (at (xyz 0 0 0))
      (scale (xyz 0.17 0.16 0.16))
      (rotate (xyz 0 0 0))
    )
  )

  (module Capacitors_SMD:C_0805 (layer F.Cu) (tedit 58AA8463) (tstamp 5C120DC9)
    (at 168.91 114.808)
    (descr "Capacitor SMD 0805, reflow soldering, AVX (see smccp.pdf)")
    (tags "capacitor 0805")
    (path /5BAC374C/5BAC4611)
    (attr smd)
    (fp_text reference C6 (at 0 -1.5) (layer F.SilkS)
      (effects (font (size 1 1) (thickness 0.15)))
    )
    (fp_text value 1N (at 0 1.75) (layer F.Fab)
      (effects (font (size 1 1) (thickness 0.15)))
    )
    (fp_line (start 1.75 0.87) (end -1.75 0.87) (layer F.CrtYd) (width 0.05))
    (fp_line (start 1.75 0.87) (end 1.75 -0.88) (layer F.CrtYd) (width 0.05))
    (fp_line (start -1.75 -0.88) (end -1.75 0.87) (layer F.CrtYd) (width 0.05))
    (fp_line (start -1.75 -0.88) (end 1.75 -0.88) (layer F.CrtYd) (width 0.05))
    (fp_line (start -0.5 0.85) (end 0.5 0.85) (layer F.SilkS) (width 0.12))
    (fp_line (start 0.5 -0.85) (end -0.5 -0.85) (layer F.SilkS) (width 0.12))
    (fp_line (start -1 -0.62) (end 1 -0.62) (layer F.Fab) (width 0.1))
    (fp_line (start 1 -0.62) (end 1 0.62) (layer F.Fab) (width 0.1))
    (fp_line (start 1 0.62) (end -1 0.62) (layer F.Fab) (width 0.1))
    (fp_line (start -1 0.62) (end -1 -0.62) (layer F.Fab) (width 0.1))
    (fp_text user %R (at 0 -1.5) (layer F.Fab)
      (effects (font (size 1 1) (thickness 0.15)))
    )
    (pad 2 smd rect (at 1 0) (size 1 1.25) (layers F.Cu F.Paste F.Mask)
      (net 11 "Net-(C6-Pad2)"))
    (pad 1 smd rect (at -1 0) (size 1 1.25) (layers F.Cu F.Paste F.Mask)
      (net 12 "Net-(C6-Pad1)"))
    (model Capacitors_SMD.3dshapes/C_0805.wrl
      (at (xyz 0 0 0))
      (scale (xyz 1 1 1))
      (rotate (xyz 0 0 0))
    )
  )

  (module SMD_Packages:SMD-1206_Pol (layer F.Cu) (tedit 0) (tstamp 5C120DD8)
    (at 130.048 85.598 90)
    (path /5C0A69D0/5C1D15E1)
    (attr smd)
    (fp_text reference C7 (at 0 0 90) (layer F.SilkS)
      (effects (font (size 1 1) (thickness 0.15)))
    )
    (fp_text value 10u (at 0 0 90) (layer F.Fab)
      (effects (font (size 1 1) (thickness 0.15)))
    )
    (fp_line (start -2.54 -1.143) (end -2.794 -1.143) (layer F.SilkS) (width 0.15))
    (fp_line (start -2.794 -1.143) (end -2.794 1.143) (layer F.SilkS) (width 0.15))
    (fp_line (start -2.794 1.143) (end -2.54 1.143) (layer F.SilkS) (width 0.15))
    (fp_line (start -2.54 -1.143) (end -2.54 1.143) (layer F.SilkS) (width 0.15))
    (fp_line (start -2.54 1.143) (end -0.889 1.143) (layer F.SilkS) (width 0.15))
    (fp_line (start 0.889 -1.143) (end 2.54 -1.143) (layer F.SilkS) (width 0.15))
    (fp_line (start 2.54 -1.143) (end 2.54 1.143) (layer F.SilkS) (width 0.15))
    (fp_line (start 2.54 1.143) (end 0.889 1.143) (layer F.SilkS) (width 0.15))
    (fp_line (start -0.889 -1.143) (end -2.54 -1.143) (layer F.SilkS) (width 0.15))
    (pad 1 smd rect (at -1.651 0 90) (size 1.524 2.032) (layers F.Cu F.Paste F.Mask)
      (net 13 "Net-(C7-Pad1)"))
    (pad 2 smd rect (at 1.651 0 90) (size 1.524 2.032) (layers F.Cu F.Paste F.Mask)
      (net 14 "Net-(C7-Pad2)"))
    (model SMD_Packages.3dshapes/SMD-1206_Pol.wrl
      (at (xyz 0 0 0))
      (scale (xyz 0.17 0.16 0.16))
      (rotate (xyz 0 0 0))
    )
  )

  (module Capacitors_SMD:C_0805 (layer F.Cu) (tedit 58AA8463) (tstamp 5C120DE9)
    (at 167.386 141.986)
    (descr "Capacitor SMD 0805, reflow soldering, AVX (see smccp.pdf)")
    (tags "capacitor 0805")
    (path /5BAC374C/5BB5CF21)
    (attr smd)
    (fp_text reference C8 (at 0 -1.5) (layer F.SilkS)
      (effects (font (size 1 1) (thickness 0.15)))
    )
    (fp_text value 1N (at 0.053499 -0.104601) (layer F.Fab)
      (effects (font (size 1 1) (thickness 0.15)))
    )
    (fp_text user %R (at 0 -1.5) (layer F.Fab)
      (effects (font (size 1 1) (thickness 0.15)))
    )
    (fp_line (start -1 0.62) (end -1 -0.62) (layer F.Fab) (width 0.1))
    (fp_line (start 1 0.62) (end -1 0.62) (layer F.Fab) (width 0.1))
    (fp_line (start 1 -0.62) (end 1 0.62) (layer F.Fab) (width 0.1))
    (fp_line (start -1 -0.62) (end 1 -0.62) (layer F.Fab) (width 0.1))
    (fp_line (start 0.5 -0.85) (end -0.5 -0.85) (layer F.SilkS) (width 0.12))
    (fp_line (start -0.5 0.85) (end 0.5 0.85) (layer F.SilkS) (width 0.12))
    (fp_line (start -1.75 -0.88) (end 1.75 -0.88) (layer F.CrtYd) (width 0.05))
    (fp_line (start -1.75 -0.88) (end -1.75 0.87) (layer F.CrtYd) (width 0.05))
    (fp_line (start 1.75 0.87) (end 1.75 -0.88) (layer F.CrtYd) (width 0.05))
    (fp_line (start 1.75 0.87) (end -1.75 0.87) (layer F.CrtYd) (width 0.05))
    (pad 1 smd rect (at -1 0) (size 1 1.25) (layers F.Cu F.Paste F.Mask)
      (net 15 "Net-(C8-Pad1)"))
    (pad 2 smd rect (at 1 0) (size 1 1.25) (layers F.Cu F.Paste F.Mask)
      (net 16 "Net-(C8-Pad2)"))
    (model Capacitors_SMD.3dshapes/C_0805.wrl
      (at (xyz 0 0 0))
      (scale (xyz 1 1 1))
      (rotate (xyz 0 0 0))
    )
  )

  (module SMD_Packages:SMD-1206_Pol (layer F.Cu) (tedit 0) (tstamp 5C120DF8)
    (at 163.322 88.392 270)
    (path /5C0A69D0/5C1E2A86)
    (attr smd)
    (fp_text reference C9 (at 0 0 270) (layer F.SilkS)
      (effects (font (size 1 1) (thickness 0.15)))
    )
    (fp_text value 47u (at 0 0 270) (layer F.Fab)
      (effects (font (size 1 1) (thickness 0.15)))
    )
    (fp_line (start -0.889 -1.143) (end -2.54 -1.143) (layer F.SilkS) (width 0.15))
    (fp_line (start 2.54 1.143) (end 0.889 1.143) (layer F.SilkS) (width 0.15))
    (fp_line (start 2.54 -1.143) (end 2.54 1.143) (layer F.SilkS) (width 0.15))
    (fp_line (start 0.889 -1.143) (end 2.54 -1.143) (layer F.SilkS) (width 0.15))
    (fp_line (start -2.54 1.143) (end -0.889 1.143) (layer F.SilkS) (width 0.15))
    (fp_line (start -2.54 -1.143) (end -2.54 1.143) (layer F.SilkS) (width 0.15))
    (fp_line (start -2.794 1.143) (end -2.54 1.143) (layer F.SilkS) (width 0.15))
    (fp_line (start -2.794 -1.143) (end -2.794 1.143) (layer F.SilkS) (width 0.15))
    (fp_line (start -2.54 -1.143) (end -2.794 -1.143) (layer F.SilkS) (width 0.15))
    (pad 2 smd rect (at 1.651 0 270) (size 1.524 2.032) (layers F.Cu F.Paste F.Mask)
      (net 17 "Net-(C9-Pad2)"))
    (pad 1 smd rect (at -1.651 0 270) (size 1.524 2.032) (layers F.Cu F.Paste F.Mask)
      (net 18 "Net-(C9-Pad1)"))
    (model SMD_Packages.3dshapes/SMD-1206_Pol.wrl
      (at (xyz 0 0 0))
      (scale (xyz 0.17 0.16 0.16))
      (rotate (xyz 0 0 0))
    )
  )

  (module Capacitors_SMD:C_0805 (layer F.Cu) (tedit 58AA8463) (tstamp 5C120E09)
    (at 145.034 154.686)
    (descr "Capacitor SMD 0805, reflow soldering, AVX (see smccp.pdf)")
    (tags "capacitor 0805")
    (path /5BAC374C/5BB5D0F1)
    (attr smd)
    (fp_text reference C10 (at 0 -1.5) (layer F.SilkS)
      (effects (font (size 1 1) (thickness 0.15)))
    )
    (fp_text value 1N (at 0 1.75) (layer F.Fab)
      (effects (font (size 1 1) (thickness 0.15)))
    )
    (fp_text user %R (at 0 -1.5) (layer F.Fab)
      (effects (font (size 1 1) (thickness 0.15)))
    )
    (fp_line (start -1 0.62) (end -1 -0.62) (layer F.Fab) (width 0.1))
    (fp_line (start 1 0.62) (end -1 0.62) (layer F.Fab) (width 0.1))
    (fp_line (start 1 -0.62) (end 1 0.62) (layer F.Fab) (width 0.1))
    (fp_line (start -1 -0.62) (end 1 -0.62) (layer F.Fab) (width 0.1))
    (fp_line (start 0.5 -0.85) (end -0.5 -0.85) (layer F.SilkS) (width 0.12))
    (fp_line (start -0.5 0.85) (end 0.5 0.85) (layer F.SilkS) (width 0.12))
    (fp_line (start -1.75 -0.88) (end 1.75 -0.88) (layer F.CrtYd) (width 0.05))
    (fp_line (start -1.75 -0.88) (end -1.75 0.87) (layer F.CrtYd) (width 0.05))
    (fp_line (start 1.75 0.87) (end 1.75 -0.88) (layer F.CrtYd) (width 0.05))
    (fp_line (start 1.75 0.87) (end -1.75 0.87) (layer F.CrtYd) (width 0.05))
    (pad 1 smd rect (at -1 0) (size 1 1.25) (layers F.Cu F.Paste F.Mask)
      (net 19 "Net-(C10-Pad1)"))
    (pad 2 smd rect (at 1 0) (size 1 1.25) (layers F.Cu F.Paste F.Mask)
      (net 20 "Net-(C10-Pad2)"))
    (model Capacitors_SMD.3dshapes/C_0805.wrl
      (at (xyz 0 0 0))
      (scale (xyz 1 1 1))
      (rotate (xyz 0 0 0))
    )
  )

  (module SMD_Packages:SMD-1206_Pol (layer F.Cu) (tedit 0) (tstamp 5C120E18)
    (at 281.686 -17.526 90)
    (path /5C0A69D0/5C0CACC9)
    (attr smd)
    (fp_text reference C11 (at 0 0 90) (layer F.SilkS)
      (effects (font (size 1 1) (thickness 0.15)))
    )
    (fp_text value 22uF (at 0 0 90) (layer F.Fab)
      (effects (font (size 1 1) (thickness 0.15)))
    )
    (fp_line (start -0.889 -1.143) (end -2.54 -1.143) (layer F.SilkS) (width 0.15))
    (fp_line (start 2.54 1.143) (end 0.889 1.143) (layer F.SilkS) (width 0.15))
    (fp_line (start 2.54 -1.143) (end 2.54 1.143) (layer F.SilkS) (width 0.15))
    (fp_line (start 0.889 -1.143) (end 2.54 -1.143) (layer F.SilkS) (width 0.15))
    (fp_line (start -2.54 1.143) (end -0.889 1.143) (layer F.SilkS) (width 0.15))
    (fp_line (start -2.54 -1.143) (end -2.54 1.143) (layer F.SilkS) (width 0.15))
    (fp_line (start -2.794 1.143) (end -2.54 1.143) (layer F.SilkS) (width 0.15))
    (fp_line (start -2.794 -1.143) (end -2.794 1.143) (layer F.SilkS) (width 0.15))
    (fp_line (start -2.54 -1.143) (end -2.794 -1.143) (layer F.SilkS) (width 0.15))
    (pad 2 smd rect (at 1.651 0 90) (size 1.524 2.032) (layers F.Cu F.Paste F.Mask)
      (net 21 "Net-(C11-Pad2)"))
    (pad 1 smd rect (at -1.651 0 90) (size 1.524 2.032) (layers F.Cu F.Paste F.Mask)
      (net 22 "Net-(C11-Pad1)"))
    (model SMD_Packages.3dshapes/SMD-1206_Pol.wrl
      (at (xyz 0 0 0))
      (scale (xyz 0.17 0.16 0.16))
      (rotate (xyz 0 0 0))
    )
  )

  (module Capacitors_SMD:C_0805 (layer F.Cu) (tedit 58AA8463) (tstamp 5C120E29)
    (at 293.878 -16.002 180)
    (descr "Capacitor SMD 0805, reflow soldering, AVX (see smccp.pdf)")
    (tags "capacitor 0805")
    (path /5C0A69D0/5C1017E0)
    (attr smd)
    (fp_text reference C12 (at 0 -1.5 180) (layer F.SilkS)
      (effects (font (size 1 1) (thickness 0.15)))
    )
    (fp_text value 330pF (at 0 1.75 180) (layer F.Fab)
      (effects (font (size 1 1) (thickness 0.15)))
    )
    (fp_line (start 1.75 0.87) (end -1.75 0.87) (layer F.CrtYd) (width 0.05))
    (fp_line (start 1.75 0.87) (end 1.75 -0.88) (layer F.CrtYd) (width 0.05))
    (fp_line (start -1.75 -0.88) (end -1.75 0.87) (layer F.CrtYd) (width 0.05))
    (fp_line (start -1.75 -0.88) (end 1.75 -0.88) (layer F.CrtYd) (width 0.05))
    (fp_line (start -0.5 0.85) (end 0.5 0.85) (layer F.SilkS) (width 0.12))
    (fp_line (start 0.5 -0.85) (end -0.5 -0.85) (layer F.SilkS) (width 0.12))
    (fp_line (start -1 -0.62) (end 1 -0.62) (layer F.Fab) (width 0.1))
    (fp_line (start 1 -0.62) (end 1 0.62) (layer F.Fab) (width 0.1))
    (fp_line (start 1 0.62) (end -1 0.62) (layer F.Fab) (width 0.1))
    (fp_line (start -1 0.62) (end -1 -0.62) (layer F.Fab) (width 0.1))
    (fp_text user %R (at 0 -1.5 180) (layer F.Fab)
      (effects (font (size 1 1) (thickness 0.15)))
    )
    (pad 2 smd rect (at 1 0 180) (size 1 1.25) (layers F.Cu F.Paste F.Mask)
      (net 23 "Net-(C12-Pad2)"))
    (pad 1 smd rect (at -1 0 180) (size 1 1.25) (layers F.Cu F.Paste F.Mask)
      (net 24 "Net-(C12-Pad1)"))
    (model Capacitors_SMD.3dshapes/C_0805.wrl
      (at (xyz 0 0 0))
      (scale (xyz 1 1 1))
      (rotate (xyz 0 0 0))
    )
  )

  (module SMD_Packages:SMD-1206_Pol (layer F.Cu) (tedit 0) (tstamp 5C120E38)
    (at 294.386 -7.62)
    (path /5C0A69D0/5C109C9A)
    (attr smd)
    (fp_text reference C13 (at 0 0) (layer F.SilkS)
      (effects (font (size 1 1) (thickness 0.15)))
    )
    (fp_text value 22uF (at 0 0) (layer F.Fab)
      (effects (font (size 1 1) (thickness 0.15)))
    )
    (fp_line (start -0.889 -1.143) (end -2.54 -1.143) (layer F.SilkS) (width 0.15))
    (fp_line (start 2.54 1.143) (end 0.889 1.143) (layer F.SilkS) (width 0.15))
    (fp_line (start 2.54 -1.143) (end 2.54 1.143) (layer F.SilkS) (width 0.15))
    (fp_line (start 0.889 -1.143) (end 2.54 -1.143) (layer F.SilkS) (width 0.15))
    (fp_line (start -2.54 1.143) (end -0.889 1.143) (layer F.SilkS) (width 0.15))
    (fp_line (start -2.54 -1.143) (end -2.54 1.143) (layer F.SilkS) (width 0.15))
    (fp_line (start -2.794 1.143) (end -2.54 1.143) (layer F.SilkS) (width 0.15))
    (fp_line (start -2.794 -1.143) (end -2.794 1.143) (layer F.SilkS) (width 0.15))
    (fp_line (start -2.54 -1.143) (end -2.794 -1.143) (layer F.SilkS) (width 0.15))
    (pad 2 smd rect (at 1.651 0) (size 1.524 2.032) (layers F.Cu F.Paste F.Mask)
      (net 25 "Net-(C13-Pad2)"))
    (pad 1 smd rect (at -1.651 0) (size 1.524 2.032) (layers F.Cu F.Paste F.Mask)
      (net 23 "Net-(C12-Pad2)"))
    (model SMD_Packages.3dshapes/SMD-1206_Pol.wrl
      (at (xyz 0 0 0))
      (scale (xyz 0.17 0.16 0.16))
      (rotate (xyz 0 0 0))
    )
  )

  (module Capacitors_SMD:C_0805 (layer F.Cu) (tedit 58AA8463) (tstamp 5C120E49)
    (at 122.936 141.986)
    (descr "Capacitor SMD 0805, reflow soldering, AVX (see smccp.pdf)")
    (tags "capacitor 0805")
    (path /5BAC374C/5BB5D7CF)
    (attr smd)
    (fp_text reference C16 (at 0 -1.5) (layer F.SilkS)
      (effects (font (size 1 1) (thickness 0.15)))
    )
    (fp_text value 1N (at 0 1.75) (layer F.Fab)
      (effects (font (size 1 1) (thickness 0.15)))
    )
    (fp_text user %R (at 0 -1.5) (layer F.Fab)
      (effects (font (size 1 1) (thickness 0.15)))
    )
    (fp_line (start -1 0.62) (end -1 -0.62) (layer F.Fab) (width 0.1))
    (fp_line (start 1 0.62) (end -1 0.62) (layer F.Fab) (width 0.1))
    (fp_line (start 1 -0.62) (end 1 0.62) (layer F.Fab) (width 0.1))
    (fp_line (start -1 -0.62) (end 1 -0.62) (layer F.Fab) (width 0.1))
    (fp_line (start 0.5 -0.85) (end -0.5 -0.85) (layer F.SilkS) (width 0.12))
    (fp_line (start -0.5 0.85) (end 0.5 0.85) (layer F.SilkS) (width 0.12))
    (fp_line (start -1.75 -0.88) (end 1.75 -0.88) (layer F.CrtYd) (width 0.05))
    (fp_line (start -1.75 -0.88) (end -1.75 0.87) (layer F.CrtYd) (width 0.05))
    (fp_line (start 1.75 0.87) (end 1.75 -0.88) (layer F.CrtYd) (width 0.05))
    (fp_line (start 1.75 0.87) (end -1.75 0.87) (layer F.CrtYd) (width 0.05))
    (pad 1 smd rect (at -1 0) (size 1 1.25) (layers F.Cu F.Paste F.Mask)
      (net 26 "Net-(C16-Pad1)"))
    (pad 2 smd rect (at 1 0) (size 1 1.25) (layers F.Cu F.Paste F.Mask)
      (net 27 "Net-(C16-Pad2)"))
    (model Capacitors_SMD.3dshapes/C_0805.wrl
      (at (xyz 0 0 0))
      (scale (xyz 1 1 1))
      (rotate (xyz 0 0 0))
    )
  )

  (module Capacitors_SMD:C_0805 (layer F.Cu) (tedit 58AA8463) (tstamp 5C120E5A)
    (at 121.92 114.554)
    (descr "Capacitor SMD 0805, reflow soldering, AVX (see smccp.pdf)")
    (tags "capacitor 0805")
    (path /5BAC374C/5BB5D4C7)
    (attr smd)
    (fp_text reference C18 (at 0 -1.5) (layer F.SilkS)
      (effects (font (size 1 1) (thickness 0.15)))
    )
    (fp_text value 1N (at 0 1.75) (layer F.Fab)
      (effects (font (size 1 1) (thickness 0.15)))
    )
    (fp_text user %R (at 0 -1.5) (layer F.Fab)
      (effects (font (size 1 1) (thickness 0.15)))
    )
    (fp_line (start -1 0.62) (end -1 -0.62) (layer F.Fab) (width 0.1))
    (fp_line (start 1 0.62) (end -1 0.62) (layer F.Fab) (width 0.1))
    (fp_line (start 1 -0.62) (end 1 0.62) (layer F.Fab) (width 0.1))
    (fp_line (start -1 -0.62) (end 1 -0.62) (layer F.Fab) (width 0.1))
    (fp_line (start 0.5 -0.85) (end -0.5 -0.85) (layer F.SilkS) (width 0.12))
    (fp_line (start -0.5 0.85) (end 0.5 0.85) (layer F.SilkS) (width 0.12))
    (fp_line (start -1.75 -0.88) (end 1.75 -0.88) (layer F.CrtYd) (width 0.05))
    (fp_line (start -1.75 -0.88) (end -1.75 0.87) (layer F.CrtYd) (width 0.05))
    (fp_line (start 1.75 0.87) (end 1.75 -0.88) (layer F.CrtYd) (width 0.05))
    (fp_line (start 1.75 0.87) (end -1.75 0.87) (layer F.CrtYd) (width 0.05))
    (pad 1 smd rect (at -1 0) (size 1 1.25) (layers F.Cu F.Paste F.Mask)
      (net 28 "Net-(C18-Pad1)"))
    (pad 2 smd rect (at 1 0) (size 1 1.25) (layers F.Cu F.Paste F.Mask)
      (net 29 "Net-(C18-Pad2)"))
    (model Capacitors_SMD.3dshapes/C_0805.wrl
      (at (xyz 0 0 0))
      (scale (xyz 1 1 1))
      (rotate (xyz 0 0 0))
    )
  )

  (module Capacitors_SMD:C_0805 (layer F.Cu) (tedit 58AA8463) (tstamp 5C120E6B)
    (at 246.888 181.61)
    (descr "Capacitor SMD 0805, reflow soldering, AVX (see smccp.pdf)")
    (tags "capacitor 0805")
    (path /5BD09509/5BD18BA3)
    (attr smd)
    (fp_text reference C19 (at 0 -1.5) (layer F.SilkS)
      (effects (font (size 1 1) (thickness 0.15)))
    )
    (fp_text value 1N (at 0 1.75) (layer F.Fab)
      (effects (font (size 1 1) (thickness 0.15)))
    )
    (fp_text user %R (at 0 -1.5) (layer F.Fab)
      (effects (font (size 1 1) (thickness 0.15)))
    )
    (fp_line (start -1 0.62) (end -1 -0.62) (layer F.Fab) (width 0.1))
    (fp_line (start 1 0.62) (end -1 0.62) (layer F.Fab) (width 0.1))
    (fp_line (start 1 -0.62) (end 1 0.62) (layer F.Fab) (width 0.1))
    (fp_line (start -1 -0.62) (end 1 -0.62) (layer F.Fab) (width 0.1))
    (fp_line (start 0.5 -0.85) (end -0.5 -0.85) (layer F.SilkS) (width 0.12))
    (fp_line (start -0.5 0.85) (end 0.5 0.85) (layer F.SilkS) (width 0.12))
    (fp_line (start -1.75 -0.88) (end 1.75 -0.88) (layer F.CrtYd) (width 0.05))
    (fp_line (start -1.75 -0.88) (end -1.75 0.87) (layer F.CrtYd) (width 0.05))
    (fp_line (start 1.75 0.87) (end 1.75 -0.88) (layer F.CrtYd) (width 0.05))
    (fp_line (start 1.75 0.87) (end -1.75 0.87) (layer F.CrtYd) (width 0.05))
    (pad 1 smd rect (at -1 0) (size 1 1.25) (layers F.Cu F.Paste F.Mask)
      (net 30 "Net-(C19-Pad1)"))
    (pad 2 smd rect (at 1 0) (size 1 1.25) (layers F.Cu F.Paste F.Mask)
