(kicad_pcb (version 20171130) (host pcbnew "(6.0.0-rc1-dev-209-g91e3d21d6)")

  (general
    (thickness 1.6)
    (drawings 0)
    (tracks 0)
    (zones 0)
    (modules 286)
    (nets 221)
  )

  (page A4)
  (layers
    (0 F.Cu signal)
    (31 B.Cu signal)
    (32 B.Adhes user)
    (33 F.Adhes user)
    (34 B.Paste user)
    (35 F.Paste user)
    (36 B.SilkS user)
    (37 F.SilkS user)
    (38 B.Mask user)
    (39 F.Mask user)
    (40 Dwgs.User user)
    (41 Cmts.User user)
    (42 Eco1.User user)
    (43 Eco2.User user)
    (44 Edge.Cuts user)
    (45 Margin user)
    (46 B.CrtYd user)
    (47 F.CrtYd user)
    (48 B.Fab user)
    (49 F.Fab user)
  )

  (setup
    (last_trace_width 0.25)
    (trace_clearance 0.2)
    (zone_clearance 0.508)
    (zone_45_only no)
    (trace_min 0.2)
    (via_size 0.8)
    (via_drill 0.4)
    (via_min_size 0.4)
    (via_min_drill 0.3)
    (uvia_size 0.3)
    (uvia_drill 0.1)
    (uvias_allowed no)
    (uvia_min_size 0.2)
    (uvia_min_drill 0.1)
    (edge_width 0.1)
    (segment_width 0.2)
    (pcb_text_width 0.3)
    (pcb_text_size 1.5 1.5)
    (mod_edge_width 0.15)
    (mod_text_size 1 1)
    (mod_text_width 0.15)
    (pad_size 1.524 1.524)
    (pad_drill 0.762)
    (pad_to_mask_clearance 0)
    (aux_axis_origin 0 0)
    (visible_elements FFFFE77F)
    (pcbplotparams
      (layerselection 0x010fc_ffffffff)
      (usegerberextensions false)
      (usegerberattributes false)
      (usegerberadvancedattributes false)
      (creategerberjobfile false)
      (excludeedgelayer true)
      (linewidth 0.050000)
      (plotframeref false)
      (viasonmask false)
      (mode 1)
      (useauxorigin false)
      (hpglpennumber 1)
      (hpglpenspeed 20)
      (hpglpendiameter 15.000000)
      (psnegative false)
      (psa4output false)
      (plotreference true)
      (plotvalue true)
      (plotinvisibletext false)
      (padsonsilk false)
      (subtractmaskfromsilk false)
      (outputformat 1)
      (mirror false)
      (drillshape 1)
      (scaleselection 1)
      (outputdirectory ""))
  )

  (net 0 "")
  (net 1 +12V)
  (net 2 GND)
  (net 3 /Sheet5AD5ACBA/RESET)
  (net 4 +3V3)
  (net 5 "Net-(C4-Pad2)")
  (net 6 "Net-(C4-Pad1)")
  (net 7 "Net-(C5-Pad1)")
  (net 8 "Net-(C5-Pad2)")
  (net 9 "Net-(C6-Pad2)")
  (net 10 "Net-(C6-Pad1)")
  (net 11 "Net-(C7-Pad2)")
  (net 12 "Net-(C8-Pad2)")
  (net 13 "Net-(C8-Pad1)")
  (net 14 -12VA)
  (net 15 +10V)
  (net 16 NOISEHF_OUT)
  (net 17 "Net-(C16-Pad1)")
  (net 18 /Sheet5BAC374B/lf_out)
  (net 19 /Sheet5BAC374B/lf_p3)
  (net 20 /Sheet5BAC374B/lf_p2)
  (net 21 /Sheet5BAC374B/lf_in)
  (net 22 /Sheet5BAC374B/lf_p1)
  (net 23 "Net-(C21-Pad1)")
  (net 24 +5V)
  (net 25 "Net-(C27-Pad2)")
  (net 26 /Sheet5AD5ACBA/speedlf)
  (net 27 AREF-10)
  (net 28 /Sheet5B6C330B/7490_IN_LOW)
  (net 29 "Net-(C35-Pad1)")
  (net 30 "Net-(C37-Pad2)")
  (net 31 "Net-(C38-Pad2)")
  (net 32 /Sheet5B6C330B/7400_LP)
  (net 33 "Net-(C39-Pad2)")
  (net 34 DIFFAUDOUT)
  (net 35 "Net-(C40-Pad2)")
  (net 36 "Net-(C41-Pad2)")
  (net 37 "Net-(C41-Pad1)")
  (net 38 /Sheet5BAC374B/hf_p3)
  (net 39 /Sheet5BAC374B/hf_out)
  (net 40 /Sheet5BAC374B/hf_in)
  (net 41 /Sheet5BAC374B/hf_p2)
  (net 42 "Net-(C55-Pad1)")
  (net 43 "Net-(C55-Pad2)")
  (net 44 "Net-(C56-Pad2)")
  (net 45 /Sheet5AD5ACBA/speedhf)
  (net 46 "Net-(C58-Pad2)")
  (net 47 "Net-(C59-Pad2)")
  (net 48 "Net-(C60-Pad2)")
  (net 49 "Net-(C61-Pad2)")
  (net 50 /Sheet5AD5ACBA/modehf)
  (net 51 "Net-(C62-Pad2)")
  (net 52 /Sheet5AD5ACBA/modelf)
  (net 53 "Net-(C63-Pad2)")
  (net 54 /Sheet5B6C330B/7490_BP)
  (net 55 "Net-(C64-Pad1)")
  (net 56 "Net-(C64-Pad2)")
  (net 57 "Net-(C67-Pad1)")
  (net 58 /Sheet5BAC374B/hf_p1)
  (net 59 -12V)
  (net 60 CLK_INH)
  (net 61 CLK_INL)
  (net 62 /Sheet5AD5ACBA/SWCLK)
  (net 63 /Sheet5AD5ACBA/SWDIO)
  (net 64 "Net-(L2-Pad2)")
  (net 65 "Net-(R96-Pad2)")
  (net 66 "Net-(R97-Pad2)")
  (net 67 "Net-(Q1-Pad3)")
  (net 68 PULSELF1_OUT)
  (net 69 "Net-(Q2-Pad1)")
  (net 70 "Net-(Q3-Pad3)")
  (net 71 "Net-(Q3-Pad1)")
  (net 72 /Sheet5AD5ACBA/pulself1_in)
  (net 73 "Net-(Q4-Pad1)")
  (net 74 PULSELF2_OUT)
  (net 75 "Net-(Q7-Pad1)")
  (net 76 /Sheet5AD5ACBA/pulselfclk_in)
  (net 77 "Net-(Q9-Pad1)")
  (net 78 "Net-(Q10-Pad1)")
  (net 79 PULSEHF1_OUT)
  (net 80 /Sheet5AD5ACBA/pulsehf1_in)
  (net 81 "Net-(Q11-Pad1)")
  (net 82 PULSEHF2_OUT)
  (net 83 "Net-(Q12-Pad1)")
  (net 84 "Net-(Q13-Pad1)")
  (net 85 /Sheet5AD5ACBA/pulsehfclk_in)
  (net 86 "Net-(Q14-Pad1)")
  (net 87 PULSEHF3_OUT)
  (net 88 "Net-(Q15-Pad1)")
  (net 89 "Net-(Q15-Pad2)")
  (net 90 "Net-(Q16-Pad3)")
  (net 91 "Net-(Q17-Pad1)")
  (net 92 "Net-(Q19-Pad3)")
  (net 93 "Net-(Q20-Pad3)")
  (net 94 "Net-(Q22-Pad3)")
  (net 95 "Net-(Q23-Pad1)")
  (net 96 PWMLF_OUT)
  (net 97 PWMHF_OUT)
  (net 98 "Net-(Q24-Pad1)")
  (net 99 "Net-(Q25-Pad2)")
  (net 100 "Net-(Q25-Pad1)")
  (net 101 "Net-(Q27-Pad3)")
  (net 102 "Net-(Q29-Pad1)")
  (net 103 "Net-(Q30-Pad3)")
  (net 104 "Net-(Q31-Pad3)")
  (net 105 "Net-(Q33-Pad3)")
  (net 106 "Net-(R12-Pad2)")
  (net 107 "Net-(R7-Pad1)")
  (net 108 /Sheet5AD5ACBA/pulself1_out)
  (net 109 "Net-(R12-Pad1)")
  (net 110 /Sheet5AD5ACBA/pwmlf_out)
  (net 111 /Sheet5AD5ACBA/pwmhf_out)
  (net 112 PULSELF1_IN)
  (net 113 "Net-(R20-Pad1)")
  (net 114 COMPHF2_IN)
  (net 115 NOISELF_OUT)
  (net 116 "Net-(R23-Pad1)")
  (net 117 COMPLF2_IN)
  (net 118 COMPLF1_IN)
  (net 119 COMPHF1_IN)
  (net 120 "Net-(R26-Pad1)")
  (net 121 "Net-(R27-Pad1)")
  (net 122 "Net-(R28-Pad2)")
  (net 123 "Net-(R29-Pad1)")
  (net 124 "Net-(R30-Pad2)")
  (net 125 "Net-(R32-Pad1)")
  (net 126 DIFFFILAUD_INL)
  (net 127 "Net-(R33-Pad1)")
  (net 128 DIFFFILAUD_INH)
  (net 129 "Net-(R35-Pad1)")
  (net 130 "Net-(R36-Pad2)")
  (net 131 "Net-(R37-Pad1)")
  (net 132 SPEEDLF_IN)
  (net 133 "Net-(R40-Pad2)")
  (net 134 "Net-(R42-Pad1)")
  (net 135 COMPHF2_CLK_IN)
  (net 136 COMPHF1_CLK_IN)
  (net 137 "Net-(R44-Pad1)")
  (net 138 "Net-(R45-Pad2)")
  (net 139 "Net-(R46-Pad1)")
  (net 140 "Net-(R47-Pad1)")
  (net 141 "Net-(R49-Pad1)")
  (net 142 "Net-(R49-Pad2)")
  (net 143 "Net-(R50-Pad2)")
  (net 144 "Net-(R51-Pad2)")
  (net 145 "Net-(R53-Pad1)")
  (net 146 "Net-(R55-Pad1)")
  (net 147 "Net-(R56-Pad1)")
  (net 148 "Net-(R57-Pad2)")
  (net 149 "Net-(R59-Pad1)")
  (net 150 COMPLF2_CLK_IN)
  (net 151 COMPLF1_CLK_IN)
  (net 152 "Net-(R62-Pad1)")
  (net 153 "Net-(R64-Pad2)")
  (net 154 "Net-(R65-Pad1)")
  (net 155 "Net-(R66-Pad2)")
  (net 156 OUR_INL)
  (net 157 /Sheet5AD5ACBA/pulself2_out)
  (net 158 PULSELFCLK_IN)
  (net 159 /Sheet5AD5ACBA/dac0)
  (net 160 "Net-(R76-Pad1)")
  (net 161 /Sheet5AD5ACBA/dac1)
  (net 162 /Sheet5AD5ACBA/dac2)
  (net 163 /Sheet5AD5ACBA/dac3)
  (net 164 /Sheet5AD5ACBA/pulsehf1_out)
  (net 165 PULSEHF1_IN)
  (net 166 "Net-(R83-Pad1)")
  (net 167 "Net-(R85-Pad2)")
  (net 168 DACLF_OUT)
  (net 169 /Sheet5AD5ACBA/pulsehf2_out)
  (net 170 PULSEHFCLK_IN)
  (net 171 /Sheet5AD5ACBA/pulsehf3_out)
  (net 172 SPEEDHF_IN)
  (net 173 "Net-(R94-Pad2)")
  (net 174 FILTLF_OUT)
  (net 175 FILTHF_OUT)
  (net 176 OUR_INH)
  (net 177 COMPLF_OUT)
  (net 178 COMPLFCLK_OUT)
  (net 179 COMPHFCLK_OUT)
  (net 180 COMPHF_OUT)
  (net 181 "Net-(U16-Pad14)")
  (net 182 "Net-(U16-Pad15)")
  (net 183 "Net-(U16-Pad16)")
  (net 184 "Net-(U16-Pad17)")
  (net 185 "Net-(U16-Pad18)")
  (net 186 "Net-(U16-Pad19)")
  (net 187 "Net-(U16-Pad20)")
  (net 188 "Net-(U16-Pad28)")
  (net 189 "Net-(U16-Pad30)")
  (net 190 "Net-(U16-Pad31)")
  (net 191 "Net-(U16-Pad32)")
  (net 192 "Net-(U16-Pad33)")
  (net 193 "Net-(U16-Pad38)")
  (net 194 "Net-(U16-Pad39)")
  (net 195 OURHF_OUT)
  (net 196 OURLF_OUT)
  (net 197 "Net-(M9-speedhfin1-Pad2)")
  (net 198 "Net-(M16-ourinh1-Pad2)")
  (net 199 "Net-(M25-pulself1out1-Pad2)")
  (net 200 "Net-(M24-ourlfout1-Pad2)")
  (net 201 "Net-(M23-pwmhfout1-Pad2)")
  (net 202 "Net-(M22-pwmlfout1-Pad2)")
  (net 203 "Net-(M19-complf2clkin1-Pad2)")
  (net 204 "Net-(M13-complf2in1-Pad2)")
  (net 205 "Net-(M11-comphf2in1-Pad2)")
  (net 206 "Net-(M17-comphf2clkin1-Pad2)")
  (net 207 "Net-(M34-complfclkout1-Pad2)")
  (net 208 "Net-(M1-speedlfin1-Pad2)")
  (net 209 "Net-(M27-filtlfout1-Pad2)")
  (net 210 "Net-(M26-pulsehf1out1-Pad2)")
  (net 211 "Net-(M6-ourinl1-Pad2)")
  (net 212 "Net-(M37-comphfout1-Pad2)")
  (net 213 "Net-(M36-complfout1-Pad2)")
  (net 214 "Net-(M35-comphfclkout1-Pad2)")
  (net 215 "Net-(M32-pulsehf2out1-Pad2)")
  (net 216 "Net-(M31-ourhfout1-Pad2)")
  (net 217 "Net-(M30-pulself2out1-Pad2)")
  (net 218 "Net-(M29-pulsehf3out1-Pad2)")
  (net 219 "Net-(M28-daclfout1-Pad2)")
  (net 220 "Net-(M33-filthfout1-Pad2)")

  (net_class Default "This is the default net class."
    (clearance 0.2)
    (trace_width 0.25)
    (via_dia 0.8)
    (via_drill 0.4)
    (uvia_dia 0.3)
    (uvia_drill 0.1)
    (add_net +10V)
    (add_net +12V)
    (add_net +3V3)
    (add_net +5V)
    (add_net -12V)
    (add_net -12VA)
    (add_net /Sheet5AD5ACBA/RESET)
    (add_net /Sheet5AD5ACBA/SWCLK)
    (add_net /Sheet5AD5ACBA/SWDIO)
    (add_net /Sheet5AD5ACBA/dac0)
    (add_net /Sheet5AD5ACBA/dac1)
    (add_net /Sheet5AD5ACBA/dac2)
    (add_net /Sheet5AD5ACBA/dac3)
    (add_net /Sheet5AD5ACBA/modehf)
    (add_net /Sheet5AD5ACBA/modelf)
    (add_net /Sheet5AD5ACBA/pulsehf1_in)
    (add_net /Sheet5AD5ACBA/pulsehf1_out)
    (add_net /Sheet5AD5ACBA/pulsehf2_out)
    (add_net /Sheet5AD5ACBA/pulsehf3_out)
    (add_net /Sheet5AD5ACBA/pulsehfclk_in)
    (add_net /Sheet5AD5ACBA/pulself1_in)
    (add_net /Sheet5AD5ACBA/pulself1_out)
    (add_net /Sheet5AD5ACBA/pulself2_out)
    (add_net /Sheet5AD5ACBA/pulselfclk_in)
    (add_net /Sheet5AD5ACBA/pwmhf_out)
    (add_net /Sheet5AD5ACBA/pwmlf_out)
    (add_net /Sheet5AD5ACBA/speedhf)
    (add_net /Sheet5AD5ACBA/speedlf)
    (add_net /Sheet5B6C330B/7400_LP)
    (add_net /Sheet5B6C330B/7490_BP)
    (add_net /Sheet5B6C330B/7490_IN_LOW)
    (add_net /Sheet5BAC374B/hf_in)
    (add_net /Sheet5BAC374B/hf_out)
    (add_net /Sheet5BAC374B/hf_p1)
    (add_net /Sheet5BAC374B/hf_p2)
    (add_net /Sheet5BAC374B/hf_p3)
    (add_net /Sheet5BAC374B/lf_in)
    (add_net /Sheet5BAC374B/lf_out)
    (add_net /Sheet5BAC374B/lf_p1)
    (add_net /Sheet5BAC374B/lf_p2)
    (add_net /Sheet5BAC374B/lf_p3)
    (add_net AREF-10)
    (add_net CLK_INH)
    (add_net CLK_INL)
    (add_net COMPHF1_CLK_IN)
    (add_net COMPHF1_IN)
    (add_net COMPHF2_CLK_IN)
    (add_net COMPHF2_IN)
    (add_net COMPHFCLK_OUT)
    (add_net COMPHF_OUT)
    (add_net COMPLF1_CLK_IN)
    (add_net COMPLF1_IN)
    (add_net COMPLF2_CLK_IN)
    (add_net COMPLF2_IN)
    (add_net COMPLFCLK_OUT)
    (add_net COMPLF_OUT)
    (add_net DACLF_OUT)
    (add_net DIFFAUDOUT)
    (add_net DIFFFILAUD_INH)
    (add_net DIFFFILAUD_INL)
    (add_net FILTHF_OUT)
    (add_net FILTLF_OUT)
    (add_net GND)
    (add_net NOISEHF_OUT)
    (add_net NOISELF_OUT)
    (add_net "Net-(C16-Pad1)")
    (add_net "Net-(C21-Pad1)")
    (add_net "Net-(C27-Pad2)")
    (add_net "Net-(C35-Pad1)")
    (add_net "Net-(C37-Pad2)")
    (add_net "Net-(C38-Pad2)")
    (add_net "Net-(C39-Pad2)")
    (add_net "Net-(C4-Pad1)")
    (add_net "Net-(C4-Pad2)")
    (add_net "Net-(C40-Pad2)")
    (add_net "Net-(C41-Pad1)")
    (add_net "Net-(C41-Pad2)")
    (add_net "Net-(C5-Pad1)")
    (add_net "Net-(C5-Pad2)")
    (add_net "Net-(C55-Pad1)")
    (add_net "Net-(C55-Pad2)")
    (add_net "Net-(C56-Pad2)")
    (add_net "Net-(C58-Pad2)")
    (add_net "Net-(C59-Pad2)")
    (add_net "Net-(C6-Pad1)")
    (add_net "Net-(C6-Pad2)")
    (add_net "Net-(C60-Pad2)")
    (add_net "Net-(C61-Pad2)")
    (add_net "Net-(C62-Pad2)")
    (add_net "Net-(C63-Pad2)")
    (add_net "Net-(C64-Pad1)")
    (add_net "Net-(C64-Pad2)")
    (add_net "Net-(C67-Pad1)")
    (add_net "Net-(C7-Pad2)")
    (add_net "Net-(C8-Pad1)")
    (add_net "Net-(C8-Pad2)")
    (add_net "Net-(L2-Pad2)")
    (add_net "Net-(M1-speedlfin1-Pad2)")
    (add_net "Net-(M11-comphf2in1-Pad2)")
    (add_net "Net-(M13-complf2in1-Pad2)")
    (add_net "Net-(M16-ourinh1-Pad2)")
    (add_net "Net-(M17-comphf2clkin1-Pad2)")
    (add_net "Net-(M19-complf2clkin1-Pad2)")
    (add_net "Net-(M22-pwmlfout1-Pad2)")
    (add_net "Net-(M23-pwmhfout1-Pad2)")
    (add_net "Net-(M24-ourlfout1-Pad2)")
    (add_net "Net-(M25-pulself1out1-Pad2)")
    (add_net "Net-(M26-pulsehf1out1-Pad2)")
    (add_net "Net-(M27-filtlfout1-Pad2)")
    (add_net "Net-(M28-daclfout1-Pad2)")
    (add_net "Net-(M29-pulsehf3out1-Pad2)")
    (add_net "Net-(M30-pulself2out1-Pad2)")
    (add_net "Net-(M31-ourhfout1-Pad2)")
    (add_net "Net-(M32-pulsehf2out1-Pad2)")
    (add_net "Net-(M33-filthfout1-Pad2)")
    (add_net "Net-(M34-complfclkout1-Pad2)")
    (add_net "Net-(M35-comphfclkout1-Pad2)")
    (add_net "Net-(M36-complfout1-Pad2)")
    (add_net "Net-(M37-comphfout1-Pad2)")
    (add_net "Net-(M6-ourinl1-Pad2)")
    (add_net "Net-(M9-speedhfin1-Pad2)")
    (add_net "Net-(Q1-Pad3)")
    (add_net "Net-(Q10-Pad1)")
    (add_net "Net-(Q11-Pad1)")
    (add_net "Net-(Q12-Pad1)")
    (add_net "Net-(Q13-Pad1)")
    (add_net "Net-(Q14-Pad1)")
    (add_net "Net-(Q15-Pad1)")
    (add_net "Net-(Q15-Pad2)")
    (add_net "Net-(Q16-Pad3)")
    (add_net "Net-(Q17-Pad1)")
    (add_net "Net-(Q19-Pad3)")
    (add_net "Net-(Q2-Pad1)")
    (add_net "Net-(Q20-Pad3)")
    (add_net "Net-(Q22-Pad3)")
    (add_net "Net-(Q23-Pad1)")
    (add_net "Net-(Q24-Pad1)")
    (add_net "Net-(Q25-Pad1)")
    (add_net "Net-(Q25-Pad2)")
    (add_net "Net-(Q27-Pad3)")
    (add_net "Net-(Q29-Pad1)")
    (add_net "Net-(Q3-Pad1)")
    (add_net "Net-(Q3-Pad3)")
    (add_net "Net-(Q30-Pad3)")
    (add_net "Net-(Q31-Pad3)")
    (add_net "Net-(Q33-Pad3)")
    (add_net "Net-(Q4-Pad1)")
    (add_net "Net-(Q7-Pad1)")
    (add_net "Net-(Q9-Pad1)")
    (add_net "Net-(R12-Pad1)")
    (add_net "Net-(R12-Pad2)")
    (add_net "Net-(R20-Pad1)")
    (add_net "Net-(R23-Pad1)")
    (add_net "Net-(R26-Pad1)")
    (add_net "Net-(R27-Pad1)")
    (add_net "Net-(R28-Pad2)")
    (add_net "Net-(R29-Pad1)")
    (add_net "Net-(R30-Pad2)")
    (add_net "Net-(R32-Pad1)")
    (add_net "Net-(R33-Pad1)")
    (add_net "Net-(R35-Pad1)")
    (add_net "Net-(R36-Pad2)")
    (add_net "Net-(R37-Pad1)")
    (add_net "Net-(R40-Pad2)")
    (add_net "Net-(R42-Pad1)")
    (add_net "Net-(R44-Pad1)")
    (add_net "Net-(R45-Pad2)")
    (add_net "Net-(R46-Pad1)")
    (add_net "Net-(R47-Pad1)")
    (add_net "Net-(R49-Pad1)")
    (add_net "Net-(R49-Pad2)")
    (add_net "Net-(R50-Pad2)")
    (add_net "Net-(R51-Pad2)")
    (add_net "Net-(R53-Pad1)")
    (add_net "Net-(R55-Pad1)")
    (add_net "Net-(R56-Pad1)")
    (add_net "Net-(R57-Pad2)")
    (add_net "Net-(R59-Pad1)")
    (add_net "Net-(R62-Pad1)")
    (add_net "Net-(R64-Pad2)")
    (add_net "Net-(R65-Pad1)")
    (add_net "Net-(R66-Pad2)")
    (add_net "Net-(R7-Pad1)")
    (add_net "Net-(R76-Pad1)")
    (add_net "Net-(R83-Pad1)")
    (add_net "Net-(R85-Pad2)")
    (add_net "Net-(R94-Pad2)")
    (add_net "Net-(R96-Pad2)")
    (add_net "Net-(R97-Pad2)")
    (add_net "Net-(U16-Pad14)")
    (add_net "Net-(U16-Pad15)")
    (add_net "Net-(U16-Pad16)")
    (add_net "Net-(U16-Pad17)")
    (add_net "Net-(U16-Pad18)")
    (add_net "Net-(U16-Pad19)")
    (add_net "Net-(U16-Pad20)")
    (add_net "Net-(U16-Pad28)")
    (add_net "Net-(U16-Pad30)")
    (add_net "Net-(U16-Pad31)")
    (add_net "Net-(U16-Pad32)")
    (add_net "Net-(U16-Pad33)")
    (add_net "Net-(U16-Pad38)")
    (add_net "Net-(U16-Pad39)")
    (add_net OURHF_OUT)
    (add_net OURLF_OUT)
    (add_net OUR_INH)
    (add_net OUR_INL)
    (add_net PULSEHF1_IN)
    (add_net PULSEHF1_OUT)
    (add_net PULSEHF2_OUT)
    (add_net PULSEHF3_OUT)
    (add_net PULSEHFCLK_IN)
    (add_net PULSELF1_IN)
    (add_net PULSELF1_OUT)
    (add_net PULSELF2_OUT)
    (add_net PULSELFCLK_IN)
    (add_net PWMHF_OUT)
    (add_net PWMLF_OUT)
    (add_net SPEEDHF_IN)
    (add_net SPEEDLF_IN)
  )

  (module Connector_Audio:Jack_3.5mm_QingPu_WQP-PJ398SM_Vertical_CircularHoles (layer F.Cu) (tedit 5D4B3013) (tstamp 5D4C53BA)
    (at 331.005001 91.905001)
    (descr "TRS 3.5mm, vertical, Thonkiconn, PCB mount, (http://www.qingpu-electronics.com/en/products/WQP-PJ398SM-362.html)")
    (tags "WQP-PJ398SM WQP-PJ301M-12 TRS 3.5mm mono vertical jack thonkiconn qingpu")
    (path /5D551D52/5D253D59)
    (fp_text reference M33-filthfout1 (at -4.03 1.08 180) (layer F.SilkS)
      (effects (font (size 1 1) (thickness 0.15)))
    )
    (fp_text value AUDIO-JACKERTHENVAR (at 0 5 180) (layer F.Fab)
      (effects (font (size 1 1) (thickness 0.15)))
    )
    (fp_line (start 0 0) (end 0 2.03) (layer F.Fab) (width 0.1))
    (fp_circle (center 0 6.48) (end 1.8 6.48) (layer F.Fab) (width 0.1))
    (fp_line (start 4.5 2.03) (end -4.5 2.03) (layer F.Fab) (width 0.1))
    (fp_line (start 5 -1.42) (end -5 -1.42) (layer F.CrtYd) (width 0.05))
    (fp_line (start 5 12.98) (end -5 12.98) (layer F.CrtYd) (width 0.05))
    (fp_line (start 5 12.98) (end 5 -1.42) (layer F.CrtYd) (width 0.05))
    (fp_line (start 4.5 12.48) (end -4.5 12.48) (layer F.Fab) (width 0.1))
    (fp_line (start 4.5 12.48) (end 4.5 2.08) (layer F.Fab) (width 0.1))
    (fp_line (start -1.06 -1) (end -0.2 -1) (layer F.SilkS) (width 0.12))
    (fp_line (start -1.06 -1) (end -1.06 -0.2) (layer F.SilkS) (width 0.12))
    (fp_circle (center 0 6.48) (end 1.8 6.48) (layer F.SilkS) (width 0.12))
    (fp_line (start -0.35 1.98) (end -4.5 1.98) (layer F.SilkS) (width 0.12))
    (fp_line (start 4.5 1.98) (end 0.35 1.98) (layer F.SilkS) (width 0.12))
    (fp_line (start -0.5 12.48) (end -4.5 12.48) (layer F.SilkS) (width 0.12))
    (fp_line (start 4.5 12.48) (end 0.5 12.48) (layer F.SilkS) (width 0.12))
    (fp_line (start -1.41 6.02) (end -0.46 5.07) (layer Dwgs.User) (width 0.12))
    (fp_line (start -1.42 6.875) (end 0.4 5.06) (layer Dwgs.User) (width 0.12))
    (fp_line (start -1.07 7.49) (end 1.01 5.41) (layer Dwgs.User) (width 0.12))
    (fp_line (start -0.58 7.83) (end 1.36 5.89) (layer Dwgs.User) (width 0.12))
    (fp_line (start 0.09 7.96) (end 1.48 6.57) (layer Dwgs.User) (width 0.12))
    (fp_circle (center 0 6.48) (end 1.5 6.48) (layer Dwgs.User) (width 0.12))
    (fp_line (start 4.5 1.98) (end 4.5 12.48) (layer F.SilkS) (width 0.12))
    (fp_line (start -4.5 1.98) (end -4.5 12.48) (layer F.SilkS) (width 0.12))
    (fp_text user %R (at 0 8 180) (layer F.Fab)
      (effects (font (size 1 1) (thickness 0.15)))
    )
    (fp_line (start -4.5 12.48) (end -4.5 2.08) (layer F.Fab) (width 0.1))
    (fp_line (start -5 12.98) (end -5 -1.42) (layer F.CrtYd) (width 0.05))
    (fp_text user KEEPOUT (at 0 6.48) (layer Cmts.User)
      (effects (font (size 0.4 0.4) (thickness 0.051)))
    )
    (pad 3 thru_hole circle (at 0 11.4 180) (size 2.13 2.13) (drill 1.43) (layers *.Cu *.Mask)
      (net 175 FILTHF_OUT))
    (pad 1 thru_hole rect (at 0 0 180) (size 1.93 1.83) (drill 1.22) (layers *.Cu *.Mask)
      (net 2 GND))
    (pad 2 thru_hole circle (at 0 3.1 180) (size 2.13 2.13) (drill 1.42) (layers *.Cu *.Mask)
      (net 220 "Net-(M33-filthfout1-Pad2)"))
    (model ${KISYS3DMOD}/Connector_Audio.3dshapes/Jack_3.5mm_QingPu_WQP-PJ398SM_Vertical.wrl
      (at (xyz 0 0 0))
      (scale (xyz 1 1 1))
      (rotate (xyz 0 0 0))
    )
  )

  (module Connector_Audio:Jack_3.5mm_QingPu_WQP-PJ398SM_Vertical_CircularHoles (layer F.Cu) (tedit 5D4B3013) (tstamp 5D4C5398)
    (at 310.905001 106.355001)
    (descr "TRS 3.5mm, vertical, Thonkiconn, PCB mount, (http://www.qingpu-electronics.com/en/products/WQP-PJ398SM-362.html)")
    (tags "WQP-PJ398SM WQP-PJ301M-12 TRS 3.5mm mono vertical jack thonkiconn qingpu")
    (path /5D551D52/5D257DEC)
    (fp_text reference M28-daclfout1 (at -4.03 1.08 180) (layer F.SilkS)
      (effects (font (size 1 1) (thickness 0.15)))
    )
    (fp_text value AUDIO-JACKERTHENVAR (at 0 5 180) (layer F.Fab)
      (effects (font (size 1 1) (thickness 0.15)))
    )
    (fp_text user KEEPOUT (at 0 6.48) (layer Cmts.User)
      (effects (font (size 0.4 0.4) (thickness 0.051)))
    )
    (fp_line (start -5 12.98) (end -5 -1.42) (layer F.CrtYd) (width 0.05))
    (fp_line (start -4.5 12.48) (end -4.5 2.08) (layer F.Fab) (width 0.1))
    (fp_text user %R (at 0 8 180) (layer F.Fab)
      (effects (font (size 1 1) (thickness 0.15)))
    )
    (fp_line (start -4.5 1.98) (end -4.5 12.48) (layer F.SilkS) (width 0.12))
    (fp_line (start 4.5 1.98) (end 4.5 12.48) (layer F.SilkS) (width 0.12))
    (fp_circle (center 0 6.48) (end 1.5 6.48) (layer Dwgs.User) (width 0.12))
    (fp_line (start 0.09 7.96) (end 1.48 6.57) (layer Dwgs.User) (width 0.12))
    (fp_line (start -0.58 7.83) (end 1.36 5.89) (layer Dwgs.User) (width 0.12))
    (fp_line (start -1.07 7.49) (end 1.01 5.41) (layer Dwgs.User) (width 0.12))
    (fp_line (start -1.42 6.875) (end 0.4 5.06) (layer Dwgs.User) (width 0.12))
    (fp_line (start -1.41 6.02) (end -0.46 5.07) (layer Dwgs.User) (width 0.12))
    (fp_line (start 4.5 12.48) (end 0.5 12.48) (layer F.SilkS) (width 0.12))
    (fp_line (start -0.5 12.48) (end -4.5 12.48) (layer F.SilkS) (width 0.12))
    (fp_line (start 4.5 1.98) (end 0.35 1.98) (layer F.SilkS) (width 0.12))
    (fp_line (start -0.35 1.98) (end -4.5 1.98) (layer F.SilkS) (width 0.12))
    (fp_circle (center 0 6.48) (end 1.8 6.48) (layer F.SilkS) (width 0.12))
    (fp_line (start -1.06 -1) (end -1.06 -0.2) (layer F.SilkS) (width 0.12))
    (fp_line (start -1.06 -1) (end -0.2 -1) (layer F.SilkS) (width 0.12))
    (fp_line (start 4.5 12.48) (end 4.5 2.08) (layer F.Fab) (width 0.1))
    (fp_line (start 4.5 12.48) (end -4.5 12.48) (layer F.Fab) (width 0.1))
    (fp_line (start 5 12.98) (end 5 -1.42) (layer F.CrtYd) (width 0.05))
    (fp_line (start 5 12.98) (end -5 12.98) (layer F.CrtYd) (width 0.05))
    (fp_line (start 5 -1.42) (end -5 -1.42) (layer F.CrtYd) (width 0.05))
    (fp_line (start 4.5 2.03) (end -4.5 2.03) (layer F.Fab) (width 0.1))
    (fp_circle (center 0 6.48) (end 1.8 6.48) (layer F.Fab) (width 0.1))
    (fp_line (start 0 0) (end 0 2.03) (layer F.Fab) (width 0.1))
    (pad 2 thru_hole circle (at 0 3.1 180) (size 2.13 2.13) (drill 1.42) (layers *.Cu *.Mask)
      (net 219 "Net-(M28-daclfout1-Pad2)"))
    (pad 1 thru_hole rect (at 0 0 180) (size 1.93 1.83) (drill 1.22) (layers *.Cu *.Mask)
      (net 2 GND))
    (pad 3 thru_hole circle (at 0 11.4 180) (size 2.13 2.13) (drill 1.43) (layers *.Cu *.Mask)
      (net 168 DACLF_OUT))
    (model ${KISYS3DMOD}/Connector_Audio.3dshapes/Jack_3.5mm_QingPu_WQP-PJ398SM_Vertical.wrl
      (at (xyz 0 0 0))
      (scale (xyz 1 1 1))
      (rotate (xyz 0 0 0))
    )
  )

  (module Connector_Audio:Jack_3.5mm_QingPu_WQP-PJ398SM_Vertical_CircularHoles (layer F.Cu) (tedit 5D4B3013) (tstamp 5D4C5376)
    (at 320.955001 91.905001)
    (descr "TRS 3.5mm, vertical, Thonkiconn, PCB mount, (http://www.qingpu-electronics.com/en/products/WQP-PJ398SM-362.html)")
    (tags "WQP-PJ398SM WQP-PJ301M-12 TRS 3.5mm mono vertical jack thonkiconn qingpu")
    (path /5D551D52/5D257E1C)
    (fp_text reference M29-pulsehf3out1 (at -4.03 1.08 180) (layer F.SilkS)
      (effects (font (size 1 1) (thickness 0.15)))
    )
    (fp_text value AUDIO-JACKERTHENVAR (at 0 5 180) (layer F.Fab)
      (effects (font (size 1 1) (thickness 0.15)))
    )
    (fp_line (start 0 0) (end 0 2.03) (layer F.Fab) (width 0.1))
    (fp_circle (center 0 6.48) (end 1.8 6.48) (layer F.Fab) (width 0.1))
    (fp_line (start 4.5 2.03) (end -4.5 2.03) (layer F.Fab) (width 0.1))
    (fp_line (start 5 -1.42) (end -5 -1.42) (layer F.CrtYd) (width 0.05))
    (fp_line (start 5 12.98) (end -5 12.98) (layer F.CrtYd) (width 0.05))
    (fp_line (start 5 12.98) (end 5 -1.42) (layer F.CrtYd) (width 0.05))
    (fp_line (start 4.5 12.48) (end -4.5 12.48) (layer F.Fab) (width 0.1))
    (fp_line (start 4.5 12.48) (end 4.5 2.08) (layer F.Fab) (width 0.1))
    (fp_line (start -1.06 -1) (end -0.2 -1) (layer F.SilkS) (width 0.12))
    (fp_line (start -1.06 -1) (end -1.06 -0.2) (layer F.SilkS) (width 0.12))
    (fp_circle (center 0 6.48) (end 1.8 6.48) (layer F.SilkS) (width 0.12))
    (fp_line (start -0.35 1.98) (end -4.5 1.98) (layer F.SilkS) (width 0.12))
    (fp_line (start 4.5 1.98) (end 0.35 1.98) (layer F.SilkS) (width 0.12))
    (fp_line (start -0.5 12.48) (end -4.5 12.48) (layer F.SilkS) (width 0.12))
    (fp_line (start 4.5 12.48) (end 0.5 12.48) (layer F.SilkS) (width 0.12))
    (fp_line (start -1.41 6.02) (end -0.46 5.07) (layer Dwgs.User) (width 0.12))
    (fp_line (start -1.42 6.875) (end 0.4 5.06) (layer Dwgs.User) (width 0.12))
    (fp_line (start -1.07 7.49) (end 1.01 5.41) (layer Dwgs.User) (width 0.12))
    (fp_line (start -0.58 7.83) (end 1.36 5.89) (layer Dwgs.User) (width 0.12))
    (fp_line (start 0.09 7.96) (end 1.48 6.57) (layer Dwgs.User) (width 0.12))
    (fp_circle (center 0 6.48) (end 1.5 6.48) (layer Dwgs.User) (width 0.12))
    (fp_line (start 4.5 1.98) (end 4.5 12.48) (layer F.SilkS) (width 0.12))
    (fp_line (start -4.5 1.98) (end -4.5 12.48) (layer F.SilkS) (width 0.12))
    (fp_text user %R (at 0 8 180) (layer F.Fab)
      (effects (font (size 1 1) (thickness 0.15)))
    )
    (fp_line (start -4.5 12.48) (end -4.5 2.08) (layer F.Fab) (width 0.1))
    (fp_line (start -5 12.98) (end -5 -1.42) (layer F.CrtYd) (width 0.05))
    (fp_text user KEEPOUT (at 0 6.48) (layer Cmts.User)
      (effects (font (size 0.4 0.4) (thickness 0.051)))
    )
    (pad 3 thru_hole circle (at 0 11.4 180) (size 2.13 2.13) (drill 1.43) (layers *.Cu *.Mask)
      (net 87 PULSEHF3_OUT))
    (pad 1 thru_hole rect (at 0 0 180) (size 1.93 1.83) (drill 1.22) (layers *.Cu *.Mask)
      (net 2 GND))
    (pad 2 thru_hole circle (at 0 3.1 180) (size 2.13 2.13) (drill 1.42) (layers *.Cu *.Mask)
      (net 218 "Net-(M29-pulsehf3out1-Pad2)"))
    (model ${KISYS3DMOD}/Connector_Audio.3dshapes/Jack_3.5mm_QingPu_WQP-PJ398SM_Vertical.wrl
      (at (xyz 0 0 0))
      (scale (xyz 1 1 1))
      (rotate (xyz 0 0 0))
    )
  )

  (module Connector_Audio:Jack_3.5mm_QingPu_WQP-PJ398SM_Vertical_CircularHoles (layer F.Cu) (tedit 5D4B3013) (tstamp 5D4C5354)
    (at 341.055001 77.455001)
    (descr "TRS 3.5mm, vertical, Thonkiconn, PCB mount, (http://www.qingpu-electronics.com/en/products/WQP-PJ398SM-362.html)")
    (tags "WQP-PJ398SM WQP-PJ301M-12 TRS 3.5mm mono vertical jack thonkiconn qingpu")
    (path /5D551D52/5D243EB4)
    (fp_text reference M3-pulsehfclkin1 (at -4.03 1.08 180) (layer F.SilkS)
      (effects (font (size 1 1) (thickness 0.15)))
    )
    (fp_text value AUDIO-JACKERTHENVAR (at 0 5 180) (layer F.Fab)
      (effects (font (size 1 1) (thickness 0.15)))
    )
    (fp_text user KEEPOUT (at 0 6.48) (layer Cmts.User)
      (effects (font (size 0.4 0.4) (thickness 0.051)))
    )
    (fp_line (start -5 12.98) (end -5 -1.42) (layer F.CrtYd) (width 0.05))
    (fp_line (start -4.5 12.48) (end -4.5 2.08) (layer F.Fab) (width 0.1))
    (fp_text user %R (at 0 8 180) (layer F.Fab)
      (effects (font (size 1 1) (thickness 0.15)))
    )
    (fp_line (start -4.5 1.98) (end -4.5 12.48) (layer F.SilkS) (width 0.12))
    (fp_line (start 4.5 1.98) (end 4.5 12.48) (layer F.SilkS) (width 0.12))
    (fp_circle (center 0 6.48) (end 1.5 6.48) (layer Dwgs.User) (width 0.12))
    (fp_line (start 0.09 7.96) (end 1.48 6.57) (layer Dwgs.User) (width 0.12))
    (fp_line (start -0.58 7.83) (end 1.36 5.89) (layer Dwgs.User) (width 0.12))
    (fp_line (start -1.07 7.49) (end 1.01 5.41) (layer Dwgs.User) (width 0.12))
    (fp_line (start -1.42 6.875) (end 0.4 5.06) (layer Dwgs.User) (width 0.12))
    (fp_line (start -1.41 6.02) (end -0.46 5.07) (layer Dwgs.User) (width 0.12))
    (fp_line (start 4.5 12.48) (end 0.5 12.48) (layer F.SilkS) (width 0.12))
    (fp_line (start -0.5 12.48) (end -4.5 12.48) (layer F.SilkS) (width 0.12))
    (fp_line (start 4.5 1.98) (end 0.35 1.98) (layer F.SilkS) (width 0.12))
    (fp_line (start -0.35 1.98) (end -4.5 1.98) (layer F.SilkS) (width 0.12))
    (fp_circle (center 0 6.48) (end 1.8 6.48) (layer F.SilkS) (width 0.12))
    (fp_line (start -1.06 -1) (end -1.06 -0.2) (layer F.SilkS) (width 0.12))
    (fp_line (start -1.06 -1) (end -0.2 -1) (layer F.SilkS) (width 0.12))
    (fp_line (start 4.5 12.48) (end 4.5 2.08) (layer F.Fab) (width 0.1))
    (fp_line (start 4.5 12.48) (end -4.5 12.48) (layer F.Fab) (width 0.1))
    (fp_line (start 5 12.98) (end 5 -1.42) (layer F.CrtYd) (width 0.05))
    (fp_line (start 5 12.98) (end -5 12.98) (layer F.CrtYd) (width 0.05))
    (fp_line (start 5 -1.42) (end -5 -1.42) (layer F.CrtYd) (width 0.05))
    (fp_line (start 4.5 2.03) (end -4.5 2.03) (layer F.Fab) (width 0.1))
    (fp_circle (center 0 6.48) (end 1.8 6.48) (layer F.Fab) (width 0.1))
    (fp_line (start 0 0) (end 0 2.03) (layer F.Fab) (width 0.1))
    (pad 2 thru_hole circle (at 0 3.1 180) (size 2.13 2.13) (drill 1.42) (layers *.Cu *.Mask)
      (net 179 COMPHFCLK_OUT))
    (pad 1 thru_hole rect (at 0 0 180) (size 1.93 1.83) (drill 1.22) (layers *.Cu *.Mask)
      (net 2 GND))
    (pad 3 thru_hole circle (at 0 11.4 180) (size 2.13 2.13) (drill 1.43) (layers *.Cu *.Mask)
      (net 170 PULSEHFCLK_IN))
    (model ${KISYS3DMOD}/Connector_Audio.3dshapes/Jack_3.5mm_QingPu_WQP-PJ398SM_Vertical.wrl
      (at (xyz 0 0 0))
      (scale (xyz 1 1 1))
      (rotate (xyz 0 0 0))
    )
  )

  (module Connector_Audio:Jack_3.5mm_QingPu_WQP-PJ398SM_Vertical_CircularHoles (layer F.Cu) (tedit 5D4B3013) (tstamp 5D4C5332)
    (at 331.005001 77.455001)
    (descr "TRS 3.5mm, vertical, Thonkiconn, PCB mount, (http://www.qingpu-electronics.com/en/products/WQP-PJ398SM-362.html)")
    (tags "WQP-PJ398SM WQP-PJ301M-12 TRS 3.5mm mono vertical jack thonkiconn qingpu")
    (path /5D551D52/5D250E03)
    (fp_text reference M30-pulself2out1 (at -4.03 1.08 180) (layer F.SilkS)
      (effects (font (size 1 1) (thickness 0.15)))
    )
    (fp_text value AUDIO-JACKERTHENVAR (at 0 5 180) (layer F.Fab)
      (effects (font (size 1 1) (thickness 0.15)))
    )
    (fp_line (start 0 0) (end 0 2.03) (layer F.Fab) (width 0.1))
    (fp_circle (center 0 6.48) (end 1.8 6.48) (layer F.Fab) (width 0.1))
    (fp_line (start 4.5 2.03) (end -4.5 2.03) (layer F.Fab) (width 0.1))
    (fp_line (start 5 -1.42) (end -5 -1.42) (layer F.CrtYd) (width 0.05))
    (fp_line (start 5 12.98) (end -5 12.98) (layer F.CrtYd) (width 0.05))
    (fp_line (start 5 12.98) (end 5 -1.42) (layer F.CrtYd) (width 0.05))
    (fp_line (start 4.5 12.48) (end -4.5 12.48) (layer F.Fab) (width 0.1))
    (fp_line (start 4.5 12.48) (end 4.5 2.08) (layer F.Fab) (width 0.1))
    (fp_line (start -1.06 -1) (end -0.2 -1) (layer F.SilkS) (width 0.12))
    (fp_line (start -1.06 -1) (end -1.06 -0.2) (layer F.SilkS) (width 0.12))
    (fp_circle (center 0 6.48) (end 1.8 6.48) (layer F.SilkS) (width 0.12))
    (fp_line (start -0.35 1.98) (end -4.5 1.98) (layer F.SilkS) (width 0.12))
    (fp_line (start 4.5 1.98) (end 0.35 1.98) (layer F.SilkS) (width 0.12))
    (fp_line (start -0.5 12.48) (end -4.5 12.48) (layer F.SilkS) (width 0.12))
    (fp_line (start 4.5 12.48) (end 0.5 12.48) (layer F.SilkS) (width 0.12))
    (fp_line (start -1.41 6.02) (end -0.46 5.07) (layer Dwgs.User) (width 0.12))
    (fp_line (start -1.42 6.875) (end 0.4 5.06) (layer Dwgs.User) (width 0.12))
    (fp_line (start -1.07 7.49) (end 1.01 5.41) (layer Dwgs.User) (width 0.12))
    (fp_line (start -0.58 7.83) (end 1.36 5.89) (layer Dwgs.User) (width 0.12))
    (fp_line (start 0.09 7.96) (end 1.48 6.57) (layer Dwgs.User) (width 0.12))
    (fp_circle (center 0 6.48) (end 1.5 6.48) (layer Dwgs.User) (width 0.12))
    (fp_line (start 4.5 1.98) (end 4.5 12.48) (layer F.SilkS) (width 0.12))
    (fp_line (start -4.5 1.98) (end -4.5 12.48) (layer F.SilkS) (width 0.12))
    (fp_text user %R (at 0 8 180) (layer F.Fab)
      (effects (font (size 1 1) (thickness 0.15)))
    )
    (fp_line (start -4.5 12.48) (end -4.5 2.08) (layer F.Fab) (width 0.1))
    (fp_line (start -5 12.98) (end -5 -1.42) (layer F.CrtYd) (width 0.05))
    (fp_text user KEEPOUT (at 0 6.48) (layer Cmts.User)
      (effects (font (size 0.4 0.4) (thickness 0.051)))
    )
    (pad 3 thru_hole circle (at 0 11.4 180) (size 2.13 2.13) (drill 1.43) (layers *.Cu *.Mask)
      (net 74 PULSELF2_OUT))
    (pad 1 thru_hole rect (at 0 0 180) (size 1.93 1.83) (drill 1.22) (layers *.Cu *.Mask)
      (net 2 GND))
    (pad 2 thru_hole circle (at 0 3.1 180) (size 2.13 2.13) (drill 1.42) (layers *.Cu *.Mask)
      (net 217 "Net-(M30-pulself2out1-Pad2)"))
    (model ${KISYS3DMOD}/Connector_Audio.3dshapes/Jack_3.5mm_QingPu_WQP-PJ398SM_Vertical.wrl
      (at (xyz 0 0 0))
      (scale (xyz 1 1 1))
      (rotate (xyz 0 0 0))
    )
  )

  (module Connector_Audio:Jack_3.5mm_QingPu_WQP-PJ398SM_Vertical_CircularHoles (layer F.Cu) (tedit 5D4B3013) (tstamp 5D4C5310)
    (at 310.905001 91.905001)
    (descr "TRS 3.5mm, vertical, Thonkiconn, PCB mount, (http://www.qingpu-electronics.com/en/products/WQP-PJ398SM-362.html)")
    (tags "WQP-PJ398SM WQP-PJ301M-12 TRS 3.5mm mono vertical jack thonkiconn qingpu")
    (path /5D551D52/5D24C1A1)
    (fp_text reference M20-complf1clkin1 (at -4.03 1.08 180) (layer F.SilkS)
      (effects (font (size 1 1) (thickness 0.15)))
    )
    (fp_text value AUDIO-JACKERTHENVAR (at 0 5 180) (layer F.Fab)
      (effects (font (size 1 1) (thickness 0.15)))
    )
    (fp_text user KEEPOUT (at 0 6.48) (layer Cmts.User)
      (effects (font (size 0.4 0.4) (thickness 0.051)))
    )
    (fp_line (start -5 12.98) (end -5 -1.42) (layer F.CrtYd) (width 0.05))
    (fp_line (start -4.5 12.48) (end -4.5 2.08) (layer F.Fab) (width 0.1))
    (fp_text user %R (at 0 8 180) (layer F.Fab)
      (effects (font (size 1 1) (thickness 0.15)))
    )
    (fp_line (start -4.5 1.98) (end -4.5 12.48) (layer F.SilkS) (width 0.12))
    (fp_line (start 4.5 1.98) (end 4.5 12.48) (layer F.SilkS) (width 0.12))
    (fp_circle (center 0 6.48) (end 1.5 6.48) (layer Dwgs.User) (width 0.12))
    (fp_line (start 0.09 7.96) (end 1.48 6.57) (layer Dwgs.User) (width 0.12))
    (fp_line (start -0.58 7.83) (end 1.36 5.89) (layer Dwgs.User) (width 0.12))
    (fp_line (start -1.07 7.49) (end 1.01 5.41) (layer Dwgs.User) (width 0.12))
    (fp_line (start -1.42 6.875) (end 0.4 5.06) (layer Dwgs.User) (width 0.12))
    (fp_line (start -1.41 6.02) (end -0.46 5.07) (layer Dwgs.User) (width 0.12))
    (fp_line (start 4.5 12.48) (end 0.5 12.48) (layer F.SilkS) (width 0.12))
    (fp_line (start -0.5 12.48) (end -4.5 12.48) (layer F.SilkS) (width 0.12))
    (fp_line (start 4.5 1.98) (end 0.35 1.98) (layer F.SilkS) (width 0.12))
    (fp_line (start -0.35 1.98) (end -4.5 1.98) (layer F.SilkS) (width 0.12))
    (fp_circle (center 0 6.48) (end 1.8 6.48) (layer F.SilkS) (width 0.12))
    (fp_line (start -1.06 -1) (end -1.06 -0.2) (layer F.SilkS) (width 0.12))
    (fp_line (start -1.06 -1) (end -0.2 -1) (layer F.SilkS) (width 0.12))
    (fp_line (start 4.5 12.48) (end 4.5 2.08) (layer F.Fab) (width 0.1))
    (fp_line (start 4.5 12.48) (end -4.5 12.48) (layer F.Fab) (width 0.1))
    (fp_line (start 5 12.98) (end 5 -1.42) (layer F.CrtYd) (width 0.05))
    (fp_line (start 5 12.98) (end -5 12.98) (layer F.CrtYd) (width 0.05))
    (fp_line (start 5 -1.42) (end -5 -1.42) (layer F.CrtYd) (width 0.05))
    (fp_line (start 4.5 2.03) (end -4.5 2.03) (layer F.Fab) (width 0.1))
    (fp_circle (center 0 6.48) (end 1.8 6.48) (layer F.Fab) (width 0.1))
    (fp_line (start 0 0) (end 0 2.03) (layer F.Fab) (width 0.1))
    (pad 2 thru_hole circle (at 0 3.1 180) (size 2.13 2.13) (drill 1.42) (layers *.Cu *.Mask)
      (net 96 PWMLF_OUT))
    (pad 1 thru_hole rect (at 0 0 180) (size 1.93 1.83) (drill 1.22) (layers *.Cu *.Mask)
      (net 2 GND))
    (pad 3 thru_hole circle (at 0 11.4 180) (size 2.13 2.13) (drill 1.43) (layers *.Cu *.Mask)
      (net 151 COMPLF1_CLK_IN))
    (model ${KISYS3DMOD}/Connector_Audio.3dshapes/Jack_3.5mm_QingPu_WQP-PJ398SM_Vertical.wrl
      (at (xyz 0 0 0))
      (scale (xyz 1 1 1))
      (rotate (xyz 0 0 0))
    )
  )

  (module Connector_Audio:Jack_3.5mm_QingPu_WQP-PJ398SM_Vertical_CircularHoles (layer F.Cu) (tedit 5D4B3013) (tstamp 5D4C52EE)
    (at 320.955001 77.455001)
    (descr "TRS 3.5mm, vertical, Thonkiconn, PCB mount, (http://www.qingpu-electronics.com/en/products/WQP-PJ398SM-362.html)")
    (tags "WQP-PJ398SM WQP-PJ301M-12 TRS 3.5mm mono vertical jack thonkiconn qingpu")
    (path /5D551D52/5D255F93)
    (fp_text reference M31-ourhfout1 (at -4.03 1.08 180) (layer F.SilkS)
      (effects (font (size 1 1) (thickness 0.15)))
    )
    (fp_text value AUDIO-JACKERTHENVAR (at 0 5 180) (layer F.Fab)
      (effects (font (size 1 1) (thickness 0.15)))
    )
    (fp_line (start 0 0) (end 0 2.03) (layer F.Fab) (width 0.1))
    (fp_circle (center 0 6.48) (end 1.8 6.48) (layer F.Fab) (width 0.1))
    (fp_line (start 4.5 2.03) (end -4.5 2.03) (layer F.Fab) (width 0.1))
    (fp_line (start 5 -1.42) (end -5 -1.42) (layer F.CrtYd) (width 0.05))
    (fp_line (start 5 12.98) (end -5 12.98) (layer F.CrtYd) (width 0.05))
    (fp_line (start 5 12.98) (end 5 -1.42) (layer F.CrtYd) (width 0.05))
    (fp_line (start 4.5 12.48) (end -4.5 12.48) (layer F.Fab) (width 0.1))
    (fp_line (start 4.5 12.48) (end 4.5 2.08) (layer F.Fab) (width 0.1))
    (fp_line (start -1.06 -1) (end -0.2 -1) (layer F.SilkS) (width 0.12))
    (fp_line (start -1.06 -1) (end -1.06 -0.2) (layer F.SilkS) (width 0.12))
    (fp_circle (center 0 6.48) (end 1.8 6.48) (layer F.SilkS) (width 0.12))
    (fp_line (start -0.35 1.98) (end -4.5 1.98) (layer F.SilkS) (width 0.12))
    (fp_line (start 4.5 1.98) (end 0.35 1.98) (layer F.SilkS) (width 0.12))
    (fp_line (start -0.5 12.48) (end -4.5 12.48) (layer F.SilkS) (width 0.12))
    (fp_line (start 4.5 12.48) (end 0.5 12.48) (layer F.SilkS) (width 0.12))
    (fp_line (start -1.41 6.02) (end -0.46 5.07) (layer Dwgs.User) (width 0.12))
    (fp_line (start -1.42 6.875) (end 0.4 5.06) (layer Dwgs.User) (width 0.12))
    (fp_line (start -1.07 7.49) (end 1.01 5.41) (layer Dwgs.User) (width 0.12))
    (fp_line (start -0.58 7.83) (end 1.36 5.89) (layer Dwgs.User) (width 0.12))
    (fp_line (start 0.09 7.96) (end 1.48 6.57) (layer Dwgs.User) (width 0.12))
    (fp_circle (center 0 6.48) (end 1.5 6.48) (layer Dwgs.User) (width 0.12))
    (fp_line (start 4.5 1.98) (end 4.5 12.48) (layer F.SilkS) (width 0.12))
    (fp_line (start -4.5 1.98) (end -4.5 12.48) (layer F.SilkS) (width 0.12))
    (fp_text user %R (at 0 8 180) (layer F.Fab)
      (effects (font (size 1 1) (thickness 0.15)))
    )
    (fp_line (start -4.5 12.48) (end -4.5 2.08) (layer F.Fab) (width 0.1))
    (fp_line (start -5 12.98) (end -5 -1.42) (layer F.CrtYd) (width 0.05))
    (fp_text user KEEPOUT (at 0 6.48) (layer Cmts.User)
      (effects (font (size 0.4 0.4) (thickness 0.051)))
    )
    (pad 3 thru_hole circle (at 0 11.4 180) (size 2.13 2.13) (drill 1.43) (layers *.Cu *.Mask)
      (net 195 OURHF_OUT))
    (pad 1 thru_hole rect (at 0 0 180) (size 1.93 1.83) (drill 1.22) (layers *.Cu *.Mask)
      (net 2 GND))
    (pad 2 thru_hole circle (at 0 3.1 180) (size 2.13 2.13) (drill 1.42) (layers *.Cu *.Mask)
      (net 216 "Net-(M31-ourhfout1-Pad2)"))
    (model ${KISYS3DMOD}/Connector_Audio.3dshapes/Jack_3.5mm_QingPu_WQP-PJ398SM_Vertical.wrl
      (at (xyz 0 0 0))
      (scale (xyz 1 1 1))
      (rotate (xyz 0 0 0))
    )
  )

  (module Connector_Audio:Jack_3.5mm_QingPu_WQP-PJ398SM_Vertical_CircularHoles (layer F.Cu) (tedit 5D4B3013) (tstamp 5D4C52CC)
    (at 341.055001 63.005001)
    (descr "TRS 3.5mm, vertical, Thonkiconn, PCB mount, (http://www.qingpu-electronics.com/en/products/WQP-PJ398SM-362.html)")
    (tags "WQP-PJ398SM WQP-PJ301M-12 TRS 3.5mm mono vertical jack thonkiconn qingpu")
    (path /5D551D52/5D252187)
    (fp_text reference M32-pulsehf2out1 (at -4.03 1.08 180) (layer F.SilkS)
      (effects (font (size 1 1) (thickness 0.15)))
    )
    (fp_text value AUDIO-JACKERTHENVAR (at 0 5 180) (layer F.Fab)
      (effects (font (size 1 1) (thickness 0.15)))
    )
    (fp_text user KEEPOUT (at 0 6.48) (layer Cmts.User)
      (effects (font (size 0.4 0.4) (thickness 0.051)))
    )
    (fp_line (start -5 12.98) (end -5 -1.42) (layer F.CrtYd) (width 0.05))
    (fp_line (start -4.5 12.48) (end -4.5 2.08) (layer F.Fab) (width 0.1))
    (fp_text user %R (at 0 8 180) (layer F.Fab)
