(kicad_pcb (version 20171130) (host pcbnew "(6.0.0-rc1-dev-209-g91e3d21d6)")

  (general
    (thickness 1.6002)
    (drawings 95)
    (tracks 1800)
    (zones 0)
    (modules 237)
    (nets 188)
  )

  (page A4)
  (title_block
    (date "15 jun 2016")
  )

  (layers
    (0 Front signal)
    (31 Back signal)
    (32 B.Adhes user hide)
    (33 F.Adhes user hide)
    (34 B.Paste user hide)
    (35 F.Paste user hide)
    (36 B.SilkS user)
    (37 F.SilkS user)
    (38 B.Mask user)
    (39 F.Mask user)
    (40 Dwgs.User user hide)
    (41 Cmts.User user hide)
    (42 Eco1.User user hide)
    (43 Eco2.User user hide)
    (44 Edge.Cuts user)
    (45 Margin user hide)
    (46 B.CrtYd user)
    (47 F.CrtYd user hide)
    (48 B.Fab user hide)
    (49 F.Fab user hide)
  )

  (setup
    (last_trace_width 0.4)
    (user_trace_width 0.23)
    (user_trace_width 0.24)
    (user_trace_width 0.3)
    (user_trace_width 0.32)
    (user_trace_width 0.34)
    (user_trace_width 0.4)
    (user_trace_width 0.5)
    (trace_clearance 0.254)
    (zone_clearance 0.508)
    (zone_45_only no)
    (trace_min 0.2032)
    (via_size 0.889)
    (via_drill 0.635)
    (via_min_size 0.889)
    (via_min_drill 0.508)
    (uvia_size 0.508)
    (uvia_drill 0.127)
    (uvias_allowed no)
    (uvia_min_size 0.508)
    (uvia_min_drill 0.127)
    (edge_width 0.02032)
    (segment_width 0.381)
    (pcb_text_width 0.3048)
    (pcb_text_size 1.524 2.032)
    (mod_edge_width 0.381)
    (mod_text_size 1.524 1.524)
    (mod_text_width 0.3048)
    (pad_size 6.5 6.5)
    (pad_drill 6.4)
    (pad_to_mask_clearance 0.254)
    (aux_axis_origin 0 0)
    (visible_elements FFFFEF7F)
    (pcbplotparams
      (layerselection 0x010c0_ffffffff)
      (usegerberextensions true)
      (usegerberattributes false)
      (usegerberadvancedattributes false)
      (creategerberjobfile false)
      (excludeedgelayer true)
      (linewidth 0.150000)
      (plotframeref false)
      (viasonmask false)
      (mode 1)
      (useauxorigin false)
      (hpglpennumber 1)
      (hpglpenspeed 20)
      (hpglpendiameter 15.000000)
      (psnegative false)
      (psa4output false)
      (plotreference false)
      (plotvalue false)
      (plotinvisibletext false)
      (padsonsilk false)
      (subtractmaskfromsilk false)
      (outputformat 1)
      (mirror false)
      (drillshape 0)
      (scaleselection 1)
      (outputdirectory ""))
  )

  (net 0 "")
  (net 1 +12V)
  (net 2 GND)
  (net 3 /Sheet5AD5ACBA/RESET)
  (net 4 +3V3)
  (net 5 "Net-(C4-Pad2)")
  (net 6 "Net-(C4-Pad1)")
  (net 7 "Net-(C5-Pad1)")
  (net 8 "Net-(C5-Pad2)")
  (net 9 "Net-(C6-Pad2)")
  (net 10 "Net-(C6-Pad1)")
  (net 11 "Net-(C7-Pad2)")
  (net 12 "Net-(C8-Pad2)")
  (net 13 "Net-(C8-Pad1)")
  (net 14 -12VA)
  (net 15 +10V)
  (net 16 NOISEHF_OUT)
  (net 17 "Net-(C16-Pad1)")
  (net 18 +5V)
  (net 19 "Net-(C27-Pad2)")
  (net 20 /Sheet5AD5ACBA/speedlf)
  (net 21 AREF-10)
  (net 22 /Sheet5B6C330B/7490_IN_LOW)
  (net 23 "Net-(C37-Pad2)")
  (net 24 "Net-(C38-Pad2)")
  (net 25 /Sheet5B6C330B/7400_LP)
  (net 26 "Net-(C39-Pad2)")
  (net 27 DIFFAUDOUT)
  (net 28 "Net-(C40-Pad2)")
  (net 29 "Net-(C41-Pad2)")
  (net 30 "Net-(C41-Pad1)")
  (net 31 /Sheet5AD5ACBA/speedhf)
  (net 32 "Net-(C58-Pad2)")
  (net 33 "Net-(C59-Pad2)")
  (net 34 "Net-(C60-Pad2)")
  (net 35 "Net-(C61-Pad2)")
  (net 36 /Sheet5AD5ACBA/modehf)
  (net 37 "Net-(C62-Pad2)")
  (net 38 /Sheet5AD5ACBA/modelf)
  (net 39 "Net-(C63-Pad2)")
  (net 40 /Sheet5B6C330B/7490_BP)
  (net 41 "Net-(C64-Pad1)")
  (net 42 "Net-(C64-Pad2)")
  (net 43 CLK_INH)
  (net 44 CLK_INL)
  (net 45 /Sheet5AD5ACBA/SWCLK)
  (net 46 /Sheet5AD5ACBA/SWDIO)
  (net 47 "Net-(L2-Pad2)")
  (net 48 "Net-(R96-Pad2)")
  (net 49 "Net-(R97-Pad2)")
  (net 50 "Net-(Q1-Pad3)")
  (net 51 PULSELF1_OUT)
  (net 52 "Net-(Q2-Pad1)")
  (net 53 "Net-(Q3-Pad3)")
  (net 54 "Net-(Q3-Pad1)")
  (net 55 /Sheet5AD5ACBA/pulself1_in)
  (net 56 "Net-(Q4-Pad1)")
  (net 57 PULSELF2_OUT)
  (net 58 "Net-(Q7-Pad1)")
  (net 59 /Sheet5AD5ACBA/pulselfclk_in)
  (net 60 "Net-(Q9-Pad1)")
  (net 61 "Net-(Q10-Pad1)")
  (net 62 PULSEHF1_OUT)
  (net 63 /Sheet5AD5ACBA/pulsehf1_in)
  (net 64 "Net-(Q11-Pad1)")
  (net 65 PULSEHF2_OUT)
  (net 66 "Net-(Q12-Pad1)")
  (net 67 "Net-(Q13-Pad1)")
  (net 68 /Sheet5AD5ACBA/pulsehfclk_in)
  (net 69 "Net-(Q23-Pad1)")
  (net 70 PWMLF_OUT)
  (net 71 PWMHF_OUT)
  (net 72 "Net-(Q24-Pad1)")
  (net 73 "Net-(R12-Pad2)")
  (net 74 "Net-(R7-Pad1)")
  (net 75 /Sheet5AD5ACBA/pulself1_out)
  (net 76 /Sheet5AD5ACBA/pwmlf_out)
  (net 77 /Sheet5AD5ACBA/pwmhf_out)
  (net 78 PULSELF1_IN)
  (net 79 "Net-(R20-Pad1)")
  (net 80 COMPHF2_IN)
  (net 81 NOISELF_OUT)
  (net 82 "Net-(R23-Pad1)")
  (net 83 COMPLF2_IN)
  (net 84 COMPLF1_IN)
  (net 85 COMPHF1_IN)
  (net 86 "Net-(R26-Pad1)")
  (net 87 "Net-(R28-Pad2)")
  (net 88 "Net-(R29-Pad1)")
  (net 89 "Net-(R30-Pad2)")
  (net 90 "Net-(R32-Pad1)")
  (net 91 DIFFFILAUD_INL)
  (net 92 "Net-(R33-Pad1)")
  (net 93 DIFFFILAUD_INH)
  (net 94 "Net-(R36-Pad2)")
  (net 95 "Net-(R37-Pad1)")
  (net 96 SPEEDLF_IN)
  (net 97 "Net-(R40-Pad2)")
  (net 98 "Net-(R42-Pad1)")
  (net 99 COMPHF2_CLK_IN)
  (net 100 COMPHF1_CLK_IN)
  (net 101 "Net-(R44-Pad1)")
  (net 102 "Net-(R45-Pad2)")
  (net 103 "Net-(R46-Pad1)")
  (net 104 "Net-(R47-Pad1)")
  (net 105 "Net-(R49-Pad1)")
  (net 106 "Net-(R49-Pad2)")
  (net 107 "Net-(R50-Pad2)")
  (net 108 "Net-(R51-Pad2)")
  (net 109 "Net-(R53-Pad1)")
  (net 110 "Net-(R55-Pad1)")
  (net 111 "Net-(R56-Pad1)")
  (net 112 "Net-(R57-Pad2)")
  (net 113 "Net-(R59-Pad1)")
  (net 114 COMPLF2_CLK_IN)
  (net 115 COMPLF1_CLK_IN)
  (net 116 "Net-(R62-Pad1)")
  (net 117 "Net-(R64-Pad2)")
  (net 118 "Net-(R65-Pad1)")
  (net 119 "Net-(R66-Pad2)")
  (net 120 /Sheet5AD5ACBA/pulself2_out)
  (net 121 PULSELFCLK_IN)
  (net 122 /Sheet5AD5ACBA/pulsehf1_out)
  (net 123 PULSEHF1_IN)
  (net 124 "Net-(R85-Pad2)")
  (net 125 /Sheet5AD5ACBA/pulsehf2_out)
  (net 126 PULSEHFCLK_IN)
  (net 127 SPEEDHF_IN)
  (net 128 "Net-(R94-Pad2)")
  (net 129 FILTLF_OUT)
  (net 130 FILTHF_OUT)
  (net 131 COMPLF_OUT)
  (net 132 COMPLFCLK_OUT)
  (net 133 COMPHFCLK_OUT)
  (net 134 COMPHF_OUT)
  (net 135 "Net-(U16-Pad14)")
  (net 136 "Net-(U16-Pad15)")
  (net 137 "Net-(U16-Pad16)")
  (net 138 "Net-(U16-Pad17)")
  (net 139 "Net-(U16-Pad18)")
  (net 140 "Net-(U16-Pad19)")
  (net 141 "Net-(U16-Pad20)")
  (net 142 "Net-(U16-Pad28)")
  (net 143 "Net-(U16-Pad30)")
  (net 144 "Net-(U16-Pad31)")
  (net 145 "Net-(U16-Pad32)")
  (net 146 "Net-(U16-Pad33)")
  (net 147 "Net-(U16-Pad38)")
  (net 148 "Net-(U16-Pad39)")
  (net 149 "Net-(M9-speedhfin1-Pad2)")
  (net 150 "Net-(M25-pulself1out1-Pad2)")
  (net 151 "Net-(M23-pwmhfout1-Pad2)")
  (net 152 "Net-(M22-pwmlfout1-Pad2)")
  (net 153 "Net-(M19-complf2clkin1-Pad2)")
  (net 154 "Net-(M13-complf2in1-Pad2)")
  (net 155 "Net-(M11-comphf2in1-Pad2)")
  (net 156 "Net-(M17-comphf2clkin1-Pad2)")
  (net 157 "Net-(M34-complfclkout1-Pad2)")
  (net 158 "Net-(M1-speedlfin1-Pad2)")
  (net 159 "Net-(M27-filtlfout1-Pad2)")
  (net 160 "Net-(M26-pulsehf1out1-Pad2)")
  (net 161 "Net-(M37-comphfout1-Pad2)")
  (net 162 "Net-(M36-complfout1-Pad2)")
  (net 163 "Net-(M35-comphfclkout1-Pad2)")
  (net 164 "Net-(M32-pulsehf2out1-Pad2)")
  (net 165 "Net-(M30-pulself2out1-Pad2)")
  (net 166 "Net-(M33-filthfout1-Pad2)")
  (net 167 "Net-(U16-Pad4)")
  (net 168 "Net-(U16-Pad22)")
  (net 169 "Net-(U16-Pad25)")
  (net 170 "Net-(U16-Pad46)")
  (net 171 "Net-(Q2-Pad3)")
  (net 172 "Net-(Q7-Pad3)")
  (net 173 "Net-(Q10-Pad3)")
  (net 174 "Net-(Q12-Pad3)")
  (net 175 "Net-(R76-Pad1)")
  (net 176 "Net-(R24-Pad1)")
  (net 177 "Net-(R43-Pad1)")
  (net 178 "Net-(R68-Pad1)")
  (net 179 "Net-(R78-Pad1)")
  (net 180 "Net-(M24-noiselfout1-Pad2)")
  (net 181 "Net-(M31-noisehfout1-Pad2)")
  (net 182 "Net-(M8-pulself1in1-Pad2)")
  (net 183 "Net-(M4-pulsehf1in1-Pad2)")
  (net 184 "Net-(C16-Pad2)")
  (net 185 "Net-(D15-Pad1)")
  (net 186 "Net-(D14-Pad2)")
  (net 187 "Net-(U16-Pad45)")

  (net_class Default "This is the default net class."
    (clearance 0.254)
    (trace_width 0.2032)
    (via_dia 0.889)
    (via_drill 0.635)
    (uvia_dia 0.508)
    (uvia_drill 0.127)
    (diff_pair_width 0.2032)
    (diff_pair_gap 0.25)
    (add_net +10V)
    (add_net +12V)
    (add_net +3V3)
    (add_net +5V)
    (add_net -12VA)
    (add_net /Sheet5AD5ACBA/RESET)
    (add_net /Sheet5AD5ACBA/SWCLK)
    (add_net /Sheet5AD5ACBA/SWDIO)
    (add_net /Sheet5AD5ACBA/modehf)
    (add_net /Sheet5AD5ACBA/modelf)
    (add_net /Sheet5AD5ACBA/pulsehf1_in)
    (add_net /Sheet5AD5ACBA/pulsehf1_out)
    (add_net /Sheet5AD5ACBA/pulsehf2_out)
    (add_net /Sheet5AD5ACBA/pulsehfclk_in)
    (add_net /Sheet5AD5ACBA/pulself1_in)
    (add_net /Sheet5AD5ACBA/pulself1_out)
    (add_net /Sheet5AD5ACBA/pulself2_out)
    (add_net /Sheet5AD5ACBA/pulselfclk_in)
    (add_net /Sheet5AD5ACBA/pwmhf_out)
    (add_net /Sheet5AD5ACBA/pwmlf_out)
    (add_net /Sheet5AD5ACBA/speedhf)
    (add_net /Sheet5AD5ACBA/speedlf)
    (add_net /Sheet5B6C330B/7400_LP)
    (add_net /Sheet5B6C330B/7490_BP)
    (add_net /Sheet5B6C330B/7490_IN_LOW)
    (add_net AREF-10)
    (add_net CLK_INH)
    (add_net CLK_INL)
    (add_net COMPHF1_CLK_IN)
    (add_net COMPHF1_IN)
    (add_net COMPHF2_CLK_IN)
    (add_net COMPHF2_IN)
    (add_net COMPHFCLK_OUT)
    (add_net COMPHF_OUT)
    (add_net COMPLF1_CLK_IN)
    (add_net COMPLF1_IN)
    (add_net COMPLF2_CLK_IN)
    (add_net COMPLF2_IN)
    (add_net COMPLFCLK_OUT)
    (add_net COMPLF_OUT)
    (add_net DIFFAUDOUT)
    (add_net DIFFFILAUD_INH)
    (add_net DIFFFILAUD_INL)
    (add_net FILTHF_OUT)
    (add_net FILTLF_OUT)
    (add_net GND)
    (add_net NOISEHF_OUT)
    (add_net NOISELF_OUT)
    (add_net "Net-(C16-Pad1)")
    (add_net "Net-(C16-Pad2)")
    (add_net "Net-(C27-Pad2)")
    (add_net "Net-(C37-Pad2)")
    (add_net "Net-(C38-Pad2)")
    (add_net "Net-(C39-Pad2)")
    (add_net "Net-(C4-Pad1)")
    (add_net "Net-(C4-Pad2)")
    (add_net "Net-(C40-Pad2)")
    (add_net "Net-(C41-Pad1)")
    (add_net "Net-(C41-Pad2)")
    (add_net "Net-(C5-Pad1)")
    (add_net "Net-(C5-Pad2)")
    (add_net "Net-(C58-Pad2)")
    (add_net "Net-(C59-Pad2)")
    (add_net "Net-(C6-Pad1)")
    (add_net "Net-(C6-Pad2)")
    (add_net "Net-(C60-Pad2)")
    (add_net "Net-(C61-Pad2)")
    (add_net "Net-(C62-Pad2)")
    (add_net "Net-(C63-Pad2)")
    (add_net "Net-(C64-Pad1)")
    (add_net "Net-(C64-Pad2)")
    (add_net "Net-(C7-Pad2)")
    (add_net "Net-(C8-Pad1)")
    (add_net "Net-(C8-Pad2)")
    (add_net "Net-(D14-Pad2)")
    (add_net "Net-(D15-Pad1)")
    (add_net "Net-(L2-Pad2)")
    (add_net "Net-(M1-speedlfin1-Pad2)")
    (add_net "Net-(M11-comphf2in1-Pad2)")
    (add_net "Net-(M13-complf2in1-Pad2)")
    (add_net "Net-(M17-comphf2clkin1-Pad2)")
    (add_net "Net-(M19-complf2clkin1-Pad2)")
    (add_net "Net-(M22-pwmlfout1-Pad2)")
    (add_net "Net-(M23-pwmhfout1-Pad2)")
    (add_net "Net-(M24-noiselfout1-Pad2)")
    (add_net "Net-(M25-pulself1out1-Pad2)")
    (add_net "Net-(M26-pulsehf1out1-Pad2)")
    (add_net "Net-(M27-filtlfout1-Pad2)")
    (add_net "Net-(M30-pulself2out1-Pad2)")
    (add_net "Net-(M31-noisehfout1-Pad2)")
    (add_net "Net-(M32-pulsehf2out1-Pad2)")
    (add_net "Net-(M33-filthfout1-Pad2)")
    (add_net "Net-(M34-complfclkout1-Pad2)")
    (add_net "Net-(M35-comphfclkout1-Pad2)")
    (add_net "Net-(M36-complfout1-Pad2)")
    (add_net "Net-(M37-comphfout1-Pad2)")
    (add_net "Net-(M4-pulsehf1in1-Pad2)")
    (add_net "Net-(M8-pulself1in1-Pad2)")
    (add_net "Net-(M9-speedhfin1-Pad2)")
    (add_net "Net-(Q1-Pad3)")
    (add_net "Net-(Q10-Pad1)")
    (add_net "Net-(Q10-Pad3)")
    (add_net "Net-(Q11-Pad1)")
    (add_net "Net-(Q12-Pad1)")
    (add_net "Net-(Q12-Pad3)")
    (add_net "Net-(Q13-Pad1)")
    (add_net "Net-(Q2-Pad1)")
    (add_net "Net-(Q2-Pad3)")
    (add_net "Net-(Q23-Pad1)")
    (add_net "Net-(Q24-Pad1)")
    (add_net "Net-(Q3-Pad1)")
    (add_net "Net-(Q3-Pad3)")
    (add_net "Net-(Q4-Pad1)")
    (add_net "Net-(Q7-Pad1)")
    (add_net "Net-(Q7-Pad3)")
    (add_net "Net-(Q9-Pad1)")
    (add_net "Net-(R12-Pad2)")
    (add_net "Net-(R20-Pad1)")
    (add_net "Net-(R23-Pad1)")
    (add_net "Net-(R24-Pad1)")
    (add_net "Net-(R26-Pad1)")
    (add_net "Net-(R28-Pad2)")
    (add_net "Net-(R29-Pad1)")
    (add_net "Net-(R30-Pad2)")
    (add_net "Net-(R32-Pad1)")
    (add_net "Net-(R33-Pad1)")
    (add_net "Net-(R36-Pad2)")
    (add_net "Net-(R37-Pad1)")
    (add_net "Net-(R40-Pad2)")
    (add_net "Net-(R42-Pad1)")
    (add_net "Net-(R43-Pad1)")
    (add_net "Net-(R44-Pad1)")
    (add_net "Net-(R45-Pad2)")
    (add_net "Net-(R46-Pad1)")
    (add_net "Net-(R47-Pad1)")
    (add_net "Net-(R49-Pad1)")
    (add_net "Net-(R49-Pad2)")
    (add_net "Net-(R50-Pad2)")
    (add_net "Net-(R51-Pad2)")
    (add_net "Net-(R53-Pad1)")
    (add_net "Net-(R55-Pad1)")
    (add_net "Net-(R56-Pad1)")
    (add_net "Net-(R57-Pad2)")
    (add_net "Net-(R59-Pad1)")
    (add_net "Net-(R62-Pad1)")
    (add_net "Net-(R64-Pad2)")
    (add_net "Net-(R65-Pad1)")
    (add_net "Net-(R66-Pad2)")
    (add_net "Net-(R68-Pad1)")
    (add_net "Net-(R7-Pad1)")
    (add_net "Net-(R76-Pad1)")
    (add_net "Net-(R78-Pad1)")
    (add_net "Net-(R85-Pad2)")
    (add_net "Net-(R94-Pad2)")
    (add_net "Net-(R96-Pad2)")
    (add_net "Net-(R97-Pad2)")
    (add_net "Net-(U16-Pad14)")
    (add_net "Net-(U16-Pad15)")
    (add_net "Net-(U16-Pad16)")
    (add_net "Net-(U16-Pad17)")
    (add_net "Net-(U16-Pad18)")
    (add_net "Net-(U16-Pad19)")
    (add_net "Net-(U16-Pad20)")
    (add_net "Net-(U16-Pad22)")
    (add_net "Net-(U16-Pad25)")
    (add_net "Net-(U16-Pad28)")
    (add_net "Net-(U16-Pad30)")
    (add_net "Net-(U16-Pad31)")
    (add_net "Net-(U16-Pad32)")
    (add_net "Net-(U16-Pad33)")
    (add_net "Net-(U16-Pad38)")
    (add_net "Net-(U16-Pad39)")
    (add_net "Net-(U16-Pad4)")
    (add_net "Net-(U16-Pad45)")
    (add_net "Net-(U16-Pad46)")
    (add_net PULSEHF1_IN)
    (add_net PULSEHF1_OUT)
    (add_net PULSEHF2_OUT)
    (add_net PULSEHFCLK_IN)
    (add_net PULSELF1_IN)
    (add_net PULSELF1_OUT)
    (add_net PULSELF2_OUT)
    (add_net PULSELFCLK_IN)
    (add_net PWMHF_OUT)
    (add_net PWMLF_OUT)
    (add_net SPEEDHF_IN)
    (add_net SPEEDLF_IN)
  )

  (module Capacitors_SMD:C_0805 (layer Back) (tedit 58AA8463) (tstamp 5D5D185B)
    (at 138.375 66.45 180)
    (descr "Capacitor SMD 0805, reflow soldering, AVX (see smccp.pdf)")
    (tags "capacitor 0805")
    (path /5D5C3A88)
    (attr smd)
    (fp_text reference C34 (at 0 1.5 180) (layer B.SilkS)
      (effects (font (size 1 1) (thickness 0.15)) (justify mirror))
    )
    (fp_text value 100N (at 0 -1.75 180) (layer B.Fab)
      (effects (font (size 1 1) (thickness 0.15)) (justify mirror))
    )
    (fp_text user %R (at 0 1.5 180) (layer B.Fab)
      (effects (font (size 1 1) (thickness 0.15)) (justify mirror))
    )
    (fp_line (start -1 -0.62) (end -1 0.62) (layer B.Fab) (width 0.1))
    (fp_line (start 1 -0.62) (end -1 -0.62) (layer B.Fab) (width 0.1))
    (fp_line (start 1 0.62) (end 1 -0.62) (layer B.Fab) (width 0.1))
    (fp_line (start -1 0.62) (end 1 0.62) (layer B.Fab) (width 0.1))
    (fp_line (start 0.5 0.85) (end -0.5 0.85) (layer B.SilkS) (width 0.12))
    (fp_line (start -0.5 -0.85) (end 0.5 -0.85) (layer B.SilkS) (width 0.12))
    (fp_line (start -1.75 0.88) (end 1.75 0.88) (layer B.CrtYd) (width 0.05))
    (fp_line (start -1.75 0.88) (end -1.75 -0.87) (layer B.CrtYd) (width 0.05))
    (fp_line (start 1.75 -0.87) (end 1.75 0.88) (layer B.CrtYd) (width 0.05))
    (fp_line (start 1.75 -0.87) (end -1.75 -0.87) (layer B.CrtYd) (width 0.05))
    (pad 1 smd rect (at -1 0 180) (size 1 1.25) (layers Back B.Paste B.Mask)
      (net 14 -12VA))
    (pad 2 smd rect (at 1 0 180) (size 1 1.25) (layers Back B.Paste B.Mask)
      (net 2 GND))
    (model Capacitors_SMD.3dshapes/C_0805.wrl
      (at (xyz 0 0 0))
      (scale (xyz 1 1 1))
      (rotate (xyz 0 0 0))
    )
  )

  (module Capacitors_SMD:C_0805 (layer Back) (tedit 58AA8463) (tstamp 5D5D184A)
    (at 126.625 119)
    (descr "Capacitor SMD 0805, reflow soldering, AVX (see smccp.pdf)")
    (tags "capacitor 0805")
    (path /5D6585B2)
    (attr smd)
    (fp_text reference C36 (at 0 1.5) (layer B.SilkS)
      (effects (font (size 1 1) (thickness 0.15)) (justify mirror))
    )
    (fp_text value 100N (at 0 -1.75) (layer B.Fab)
      (effects (font (size 1 1) (thickness 0.15)) (justify mirror))
    )
    (fp_line (start 1.75 -0.87) (end -1.75 -0.87) (layer B.CrtYd) (width 0.05))
    (fp_line (start 1.75 -0.87) (end 1.75 0.88) (layer B.CrtYd) (width 0.05))
    (fp_line (start -1.75 0.88) (end -1.75 -0.87) (layer B.CrtYd) (width 0.05))
    (fp_line (start -1.75 0.88) (end 1.75 0.88) (layer B.CrtYd) (width 0.05))
    (fp_line (start -0.5 -0.85) (end 0.5 -0.85) (layer B.SilkS) (width 0.12))
    (fp_line (start 0.5 0.85) (end -0.5 0.85) (layer B.SilkS) (width 0.12))
    (fp_line (start -1 0.62) (end 1 0.62) (layer B.Fab) (width 0.1))
    (fp_line (start 1 0.62) (end 1 -0.62) (layer B.Fab) (width 0.1))
    (fp_line (start 1 -0.62) (end -1 -0.62) (layer B.Fab) (width 0.1))
    (fp_line (start -1 -0.62) (end -1 0.62) (layer B.Fab) (width 0.1))
    (fp_text user %R (at 0 1.5) (layer B.Fab)
      (effects (font (size 1 1) (thickness 0.15)) (justify mirror))
    )
    (pad 2 smd rect (at 1 0) (size 1 1.25) (layers Back B.Paste B.Mask)
      (net 1 +12V))
    (pad 1 smd rect (at -1 0) (size 1 1.25) (layers Back B.Paste B.Mask)
      (net 2 GND))
    (model Capacitors_SMD.3dshapes/C_0805.wrl
      (at (xyz 0 0 0))
      (scale (xyz 1 1 1))
      (rotate (xyz 0 0 0))
    )
  )

  (module Capacitors_SMD:C_0805 (layer Back) (tedit 58AA8463) (tstamp 5D5D1779)
    (at 134.025 110.275)
    (descr "Capacitor SMD 0805, reflow soldering, AVX (see smccp.pdf)")
    (tags "capacitor 0805")
    (path /5D6585C5)
    (attr smd)
    (fp_text reference C44 (at 0 1.5) (layer B.SilkS)
      (effects (font (size 1 1) (thickness 0.15)) (justify mirror))
    )
    (fp_text value 100N (at 0 -1.75) (layer B.Fab)
      (effects (font (size 1 1) (thickness 0.15)) (justify mirror))
    )
    (fp_text user %R (at 0 1.5) (layer B.Fab)
      (effects (font (size 1 1) (thickness 0.15)) (justify mirror))
    )
    (fp_line (start -1 -0.62) (end -1 0.62) (layer B.Fab) (width 0.1))
    (fp_line (start 1 -0.62) (end -1 -0.62) (layer B.Fab) (width 0.1))
    (fp_line (start 1 0.62) (end 1 -0.62) (layer B.Fab) (width 0.1))
    (fp_line (start -1 0.62) (end 1 0.62) (layer B.Fab) (width 0.1))
    (fp_line (start 0.5 0.85) (end -0.5 0.85) (layer B.SilkS) (width 0.12))
    (fp_line (start -0.5 -0.85) (end 0.5 -0.85) (layer B.SilkS) (width 0.12))
    (fp_line (start -1.75 0.88) (end 1.75 0.88) (layer B.CrtYd) (width 0.05))
    (fp_line (start -1.75 0.88) (end -1.75 -0.87) (layer B.CrtYd) (width 0.05))
    (fp_line (start 1.75 -0.87) (end 1.75 0.88) (layer B.CrtYd) (width 0.05))
    (fp_line (start 1.75 -0.87) (end -1.75 -0.87) (layer B.CrtYd) (width 0.05))
    (pad 1 smd rect (at -1 0) (size 1 1.25) (layers Back B.Paste B.Mask)
      (net 14 -12VA))
    (pad 2 smd rect (at 1 0) (size 1 1.25) (layers Back B.Paste B.Mask)
      (net 2 GND))
    (model Capacitors_SMD.3dshapes/C_0805.wrl
      (at (xyz 0 0 0))
      (scale (xyz 1 1 1))
      (rotate (xyz 0 0 0))
    )
  )

  (module Capacitors_SMD:C_0805 (layer Back) (tedit 58AA8463) (tstamp 5D5D1628)
    (at 167.35 87.2 180)
    (descr "Capacitor SMD 0805, reflow soldering, AVX (see smccp.pdf)")
    (tags "capacitor 0805")
    (path /5B6C330C/5D5BCFCA)
    (attr smd)
    (fp_text reference C47 (at 0 1.5 180) (layer B.SilkS)
      (effects (font (size 1 1) (thickness 0.15)) (justify mirror))
    )
    (fp_text value 100N (at 0 -1.75 180) (layer B.Fab)
      (effects (font (size 1 1) (thickness 0.15)) (justify mirror))
    )
    (fp_line (start 1.75 -0.87) (end -1.75 -0.87) (layer B.CrtYd) (width 0.05))
    (fp_line (start 1.75 -0.87) (end 1.75 0.88) (layer B.CrtYd) (width 0.05))
    (fp_line (start -1.75 0.88) (end -1.75 -0.87) (layer B.CrtYd) (width 0.05))
    (fp_line (start -1.75 0.88) (end 1.75 0.88) (layer B.CrtYd) (width 0.05))
    (fp_line (start -0.5 -0.85) (end 0.5 -0.85) (layer B.SilkS) (width 0.12))
    (fp_line (start 0.5 0.85) (end -0.5 0.85) (layer B.SilkS) (width 0.12))
    (fp_line (start -1 0.62) (end 1 0.62) (layer B.Fab) (width 0.1))
    (fp_line (start 1 0.62) (end 1 -0.62) (layer B.Fab) (width 0.1))
    (fp_line (start 1 -0.62) (end -1 -0.62) (layer B.Fab) (width 0.1))
    (fp_line (start -1 -0.62) (end -1 0.62) (layer B.Fab) (width 0.1))
    (fp_text user %R (at 0 1.5 180) (layer B.Fab)
      (effects (font (size 1 1) (thickness 0.15)) (justify mirror))
    )
    (pad 2 smd rect (at 1 0 180) (size 1 1.25) (layers Back B.Paste B.Mask)
      (net 2 GND))
    (pad 1 smd rect (at -1 0 180) (size 1 1.25) (layers Back B.Paste B.Mask)
      (net 14 -12VA))
    (model Capacitors_SMD.3dshapes/C_0805.wrl
      (at (xyz 0 0 0))
      (scale (xyz 1 1 1))
      (rotate (xyz 0 0 0))
    )
  )

  (module Capacitors_SMD:C_0805 (layer Back) (tedit 58AA8463) (tstamp 5D5D1617)
    (at 168.3 106.95 180)
    (descr "Capacitor SMD 0805, reflow soldering, AVX (see smccp.pdf)")
    (tags "capacitor 0805")
    (path /5B6C330C/5D5A3119)
    (attr smd)
    (fp_text reference C46 (at 0 1.5 180) (layer B.SilkS)
      (effects (font (size 1 1) (thickness 0.15)) (justify mirror))
    )
    (fp_text value 100N (at 0 -1.75 180) (layer B.Fab)
      (effects (font (size 1 1) (thickness 0.15)) (justify mirror))
    )
    (fp_text user %R (at 0 1.5 180) (layer B.Fab)
      (effects (font (size 1 1) (thickness 0.15)) (justify mirror))
    )
    (fp_line (start -1 -0.62) (end -1 0.62) (layer B.Fab) (width 0.1))
    (fp_line (start 1 -0.62) (end -1 -0.62) (layer B.Fab) (width 0.1))
    (fp_line (start 1 0.62) (end 1 -0.62) (layer B.Fab) (width 0.1))
    (fp_line (start -1 0.62) (end 1 0.62) (layer B.Fab) (width 0.1))
    (fp_line (start 0.5 0.85) (end -0.5 0.85) (layer B.SilkS) (width 0.12))
    (fp_line (start -0.5 -0.85) (end 0.5 -0.85) (layer B.SilkS) (width 0.12))
    (fp_line (start -1.75 0.88) (end 1.75 0.88) (layer B.CrtYd) (width 0.05))
    (fp_line (start -1.75 0.88) (end -1.75 -0.87) (layer B.CrtYd) (width 0.05))
    (fp_line (start 1.75 -0.87) (end 1.75 0.88) (layer B.CrtYd) (width 0.05))
    (fp_line (start 1.75 -0.87) (end -1.75 -0.87) (layer B.CrtYd) (width 0.05))
    (pad 1 smd rect (at -1 0 180) (size 1 1.25) (layers Back B.Paste B.Mask)
      (net 14 -12VA))
    (pad 2 smd rect (at 1 0 180) (size 1 1.25) (layers Back B.Paste B.Mask)
      (net 2 GND))
    (model Capacitors_SMD.3dshapes/C_0805.wrl
      (at (xyz 0 0 0))
      (scale (xyz 1 1 1))
      (rotate (xyz 0 0 0))
    )
  )

  (module Capacitors_SMD:C_0805 (layer Back) (tedit 58AA8463) (tstamp 5D5D1566)
    (at 138.4 64.425)
    (descr "Capacitor SMD 0805, reflow soldering, AVX (see smccp.pdf)")
    (tags "capacitor 0805")
    (path /5D58A877)
    (attr smd)
    (fp_text reference C9 (at 0 1.5) (layer B.SilkS)
      (effects (font (size 1 1) (thickness 0.15)) (justify mirror))
    )
    (fp_text value 100N (at 0 -1.75) (layer B.Fab)
      (effects (font (size 1 1) (thickness 0.15)) (justify mirror))
    )
    (fp_line (start 1.75 -0.87) (end -1.75 -0.87) (layer B.CrtYd) (width 0.05))
    (fp_line (start 1.75 -0.87) (end 1.75 0.88) (layer B.CrtYd) (width 0.05))
    (fp_line (start -1.75 0.88) (end -1.75 -0.87) (layer B.CrtYd) (width 0.05))
    (fp_line (start -1.75 0.88) (end 1.75 0.88) (layer B.CrtYd) (width 0.05))
    (fp_line (start -0.5 -0.85) (end 0.5 -0.85) (layer B.SilkS) (width 0.12))
    (fp_line (start 0.5 0.85) (end -0.5 0.85) (layer B.SilkS) (width 0.12))
    (fp_line (start -1 0.62) (end 1 0.62) (layer B.Fab) (width 0.1))
    (fp_line (start 1 0.62) (end 1 -0.62) (layer B.Fab) (width 0.1))
    (fp_line (start 1 -0.62) (end -1 -0.62) (layer B.Fab) (width 0.1))
    (fp_line (start -1 -0.62) (end -1 0.62) (layer B.Fab) (width 0.1))
    (fp_text user %R (at 0 1.5) (layer B.Fab)
      (effects (font (size 1 1) (thickness 0.15)) (justify mirror))
    )
    (pad 2 smd rect (at 1 0) (size 1 1.25) (layers Back B.Paste B.Mask)
      (net 1 +12V))
    (pad 1 smd rect (at -1 0) (size 1 1.25) (layers Back B.Paste B.Mask)
      (net 2 GND))
    (model Capacitors_SMD.3dshapes/C_0805.wrl
      (at (xyz 0 0 0))
      (scale (xyz 1 1 1))
      (rotate (xyz 0 0 0))
    )
  )

  (module Capacitors_SMD:C_0805 (layer Back) (tedit 58AA8463) (tstamp 5D5D14D5)
    (at 164.2 97.45 180)
    (descr "Capacitor SMD 0805, reflow soldering, AVX (see smccp.pdf)")
    (tags "capacitor 0805")
    (path /5B6C330C/5D5BCFAF)
    (attr smd)
    (fp_text reference C45 (at 0 1.5 180) (layer B.SilkS)
      (effects (font (size 1 1) (thickness 0.15)) (justify mirror))
    )
    (fp_text value 100N (at 0 -1.75 180) (layer B.Fab)
      (effects (font (size 1 1) (thickness 0.15)) (justify mirror))
    )
    (fp_text user %R (at 0 1.5 180) (layer B.Fab)
      (effects (font (size 1 1) (thickness 0.15)) (justify mirror))
    )
    (fp_line (start -1 -0.62) (end -1 0.62) (layer B.Fab) (width 0.1))
    (fp_line (start 1 -0.62) (end -1 -0.62) (layer B.Fab) (width 0.1))
    (fp_line (start 1 0.62) (end 1 -0.62) (layer B.Fab) (width 0.1))
    (fp_line (start -1 0.62) (end 1 0.62) (layer B.Fab) (width 0.1))
    (fp_line (start 0.5 0.85) (end -0.5 0.85) (layer B.SilkS) (width 0.12))
    (fp_line (start -0.5 -0.85) (end 0.5 -0.85) (layer B.SilkS) (width 0.12))
    (fp_line (start -1.75 0.88) (end 1.75 0.88) (layer B.CrtYd) (width 0.05))
    (fp_line (start -1.75 0.88) (end -1.75 -0.87) (layer B.CrtYd) (width 0.05))
    (fp_line (start 1.75 -0.87) (end 1.75 0.88) (layer B.CrtYd) (width 0.05))
    (fp_line (start 1.75 -0.87) (end -1.75 -0.87) (layer B.CrtYd) (width 0.05))
    (pad 1 smd rect (at -1 0 180) (size 1 1.25) (layers Back B.Paste B.Mask)
      (net 2 GND))
    (pad 2 smd rect (at 1 0 180) (size 1 1.25) (layers Back B.Paste B.Mask)
      (net 1 +12V))
    (model Capacitors_SMD.3dshapes/C_0805.wrl
      (at (xyz 0 0 0))
      (scale (xyz 1 1 1))
      (rotate (xyz 0 0 0))
    )
  )

  (module Capacitors_SMD:C_0805 (layer Back) (tedit 58AA8463) (tstamp 5D599DFC)
    (at 99.2 119.475)
    (descr "Capacitor SMD 0805, reflow soldering, AVX (see smccp.pdf)")
    (tags "capacitor 0805")
    (path /5AD5ACBB/5D578993)
    (attr smd)
    (fp_text reference C21 (at 0 1.5) (layer B.SilkS)
      (effects (font (size 1 1) (thickness 0.15)) (justify mirror))
    )
    (fp_text value 100nF (at 0 -1.75) (layer B.Fab)
      (effects (font (size 1 1) (thickness 0.15)) (justify mirror))
    )
    (fp_text user %R (at 0 1.5) (layer B.Fab)
      (effects (font (size 1 1) (thickness 0.15)) (justify mirror))
    )
    (fp_line (start -1 -0.62) (end -1 0.62) (layer B.Fab) (width 0.1))
    (fp_line (start 1 -0.62) (end -1 -0.62) (layer B.Fab) (width 0.1))
    (fp_line (start 1 0.62) (end 1 -0.62) (layer B.Fab) (width 0.1))
    (fp_line (start -1 0.62) (end 1 0.62) (layer B.Fab) (width 0.1))
    (fp_line (start 0.5 0.85) (end -0.5 0.85) (layer B.SilkS) (width 0.12))
    (fp_line (start -0.5 -0.85) (end 0.5 -0.85) (layer B.SilkS) (width 0.12))
    (fp_line (start -1.75 0.88) (end 1.75 0.88) (layer B.CrtYd) (width 0.05))
    (fp_line (start -1.75 0.88) (end -1.75 -0.87) (layer B.CrtYd) (width 0.05))
    (fp_line (start 1.75 -0.87) (end 1.75 0.88) (layer B.CrtYd) (width 0.05))
    (fp_line (start 1.75 -0.87) (end -1.75 -0.87) (layer B.CrtYd) (width 0.05))
    (pad 1 smd rect (at -1 0) (size 1 1.25) (layers Back B.Paste B.Mask)
      (net 2 GND))
    (pad 2 smd rect (at 1 0) (size 1 1.25) (layers Back B.Paste B.Mask)
      (net 4 +3V3))
    (model Capacitors_SMD.3dshapes/C_0805.wrl
      (at (xyz 0 0 0))
      (scale (xyz 1 1 1))
      (rotate (xyz 0 0 0))
    )
  )

  (module new_kicad:Potentiometer_Alps-RK09 locked (layer Front) (tedit 587E74DF) (tstamp 5D4BC066)
    (at 99.525 103.175 90)
    (descr "9mm insulated shaft potentiometer")
    (tags "Potentiometer Alps Pot 9mm RK09")
    (path /5AD5ACBB/5D97173A)
    (fp_text reference modelf1 (at 7.5 10.1 270) (layer F.SilkS)
      (effects (font (size 1 1) (thickness 0.15)))
    )
    (fp_text value 10K (at 7 -5.5 90) (layer F.Fab)
      (effects (font (size 1 1) (thickness 0.15)))
    )
    (fp_circle (center 0 0) (end 2 0) (layer F.SilkS) (width 0.15))
    (fp_line (start 4.5 -4.5) (end 4.5 4.5) (layer F.SilkS) (width 0.15))
    (fp_line (start -4.5 -4.5) (end -4.5 4.5) (layer F.SilkS) (width 0.15))
    (fp_line (start 4.5 -4.5) (end 2 -4.5) (layer F.SilkS) (width 0.15))
    (fp_line (start -2 -4.5) (end -4.5 -4.5) (layer F.SilkS) (width 0.15))
    (fp_line (start -2 4.5) (end -4.5 4.5) (layer F.SilkS) (width 0.15))
    (fp_line (start 4.5 4.5) (end 2 4.5) (layer F.SilkS) (width 0.15))
    (fp_line (start -8 3.5) (end -8 -3.5) (layer F.CrtYd) (width 0.05))
    (fp_line (start -5 3.5) (end -8 3.5) (layer F.CrtYd) (width 0.05))
    (fp_line (start -5 5) (end -5 3.5) (layer F.CrtYd) (width 0.05))
    (fp_line (start -2 5) (end -5 5) (layer F.CrtYd) (width 0.05))
    (fp_line (start -2 6.5) (end -2 5) (layer F.CrtYd) (width 0.05))
    (fp_line (start 2 6.5) (end -2 6.5) (layer F.CrtYd) (width 0.05))
    (fp_line (start 2 5) (end 2 6.5) (layer F.CrtYd) (width 0.05))
    (fp_line (start 5 5) (end 2 5) (layer F.CrtYd) (width 0.05))
    (fp_line (start 5 -5) (end 5 5) (layer F.CrtYd) (width 0.05))
    (fp_line (start 2 -5) (end 5 -5) (layer F.CrtYd) (width 0.05))
    (fp_line (start 2 -6.5) (end 2 -5) (layer F.CrtYd) (width 0.05))
    (fp_line (start -8 -3.5) (end -5 -3.5) (layer F.CrtYd) (width 0.05))
    (fp_line (start -2 -5) (end -5 -5) (layer F.CrtYd) (width 0.05))
    (fp_line (start -2 -6.5) (end -2 -5) (layer F.CrtYd) (width 0.05))
    (fp_line (start -2 -6.5) (end 2 -6.5) (layer F.CrtYd) (width 0.05))
    (fp_line (start -5 -5) (end -5 -3.5) (layer F.CrtYd) (width 0.05))
    (pad 5 thru_hole rect (at 0 4.35) (size 3.3 3.3) (drill 2.5) (layers *.Cu *.Mask F.SilkS))
    (pad 4 thru_hole rect (at 0 -4.35) (size 3.3 3.3) (drill 2.5) (layers *.Cu *.Mask F.SilkS))
    (pad 3 thru_hole circle (at -7 2.5) (size 1.8 1.8) (drill 1) (layers *.Cu *.Mask F.SilkS)
      (net 2 GND))
    (pad 2 thru_hole circle (at -7 0) (size 1.8 1.8) (drill 1) (layers *.Cu *.Mask F.SilkS)
      (net 49 "Net-(R97-Pad2)"))
    (pad 1 thru_hole circle (at -7 -2.5) (size 1.8 1.8) (drill 1) (layers *.Cu *.Mask F.SilkS)
      (net 21 AREF-10))
  )

  (module Connector_Audio:Jack_3.5mm_QingPu_WQP-PJ398SM_Vertical_CircularHoles (layer Front) (tedit 5D545AA0) (tstamp 5D4C52EE)
    (at 154.85 55.225 270)
    (descr "TRS 3.5mm, vertical, Thonkiconn, PCB mount, (http://www.qingpu-electronics.com/en/products/WQP-PJ398SM-362.html)")
    (tags "WQP-PJ398SM WQP-PJ301M-12 TRS 3.5mm mono vertical jack thonkiconn qingpu")
    (path /5D551D52/5D255F93)
    (fp_text reference M31-noisehfout1 (at 6.9 14.3 90) (layer F.SilkS)
      (effects (font (size 1 1) (thickness 0.15)))
    )
    (fp_text value AUDIO-JACKERTHENVAR (at 0 5 90) (layer F.Fab)
      (effects (font (size 1 1) (thickness 0.15)))
    )
    (fp_line (start 0 -6.45) (end 0 -4.42) (layer F.Fab) (width 0.1))
    (fp_circle (center 0 0.03) (end 1.8 0.03) (layer F.Fab) (width 0.1))
    (fp_line (start 4.5 -4.42) (end -4.5 -4.42) (layer F.Fab) (width 0.1))
    (fp_line (start 5 -7.87) (end -5 -7.87) (layer F.CrtYd) (width 0.05))
    (fp_line (start 5 6.53) (end -5 6.53) (layer F.CrtYd) (width 0.05))
    (fp_line (start 5 6.53) (end 5 -7.87) (layer F.CrtYd) (width 0.05))
    (fp_line (start 4.5 6.03) (end -4.5 6.03) (layer F.Fab) (width 0.1))
    (fp_line (start 4.5 6.03) (end 4.5 -4.37) (layer F.Fab) (width 0.1))
    (fp_line (start -1.06 -7.45) (end -0.2 -7.45) (layer F.SilkS) (width 0.12))
    (fp_line (start -1.06 -7.45) (end -1.06 -6.65) (layer F.SilkS) (width 0.12))
    (fp_circle (center 0 0.03) (end 1.8 0.03) (layer F.SilkS) (width 0.12))
    (fp_line (start -0.35 -4.47) (end -4.5 -4.47) (layer F.SilkS) (width 0.12))
    (fp_line (start 4.5 -4.47) (end 0.35 -4.47) (layer F.SilkS) (width 0.12))
    (fp_line (start -0.5 6.03) (end -4.5 6.03) (layer F.SilkS) (width 0.12))
    (fp_line (start 4.5 6.03) (end 0.5 6.03) (layer F.SilkS) (width 0.12))
    (fp_line (start -1.41 -0.43) (end -0.46 -1.38) (layer Dwgs.User) (width 0.12))
    (fp_line (start -1.42 0.425) (end 0.4 -1.39) (layer Dwgs.User) (width 0.12))
    (fp_line (start -1.07 1.04) (end 1.01 -1.04) (layer Dwgs.User) (width 0.12))
    (fp_line (start -0.58 1.38) (end 1.36 -0.56) (layer Dwgs.User) (width 0.12))
    (fp_line (start 0.09 1.51) (end 1.48 0.12) (layer Dwgs.User) (width 0.12))
    (fp_circle (center 0 0.03) (end 1.5 0.03) (layer Dwgs.User) (width 0.12))
    (fp_line (start 4.5 -4.47) (end 4.5 6.03) (layer F.SilkS) (width 0.12))
    (fp_line (start -4.5 -4.47) (end -4.5 6.03) (layer F.SilkS) (width 0.12))
    (fp_text user %R (at 0 8 90) (layer F.Fab)
      (effects (font (size 1 1) (thickness 0.15)))
    )
    (fp_line (start -4.5 6.03) (end -4.5 -4.37) (layer F.Fab) (width 0.1))
    (fp_line (start -5 6.53) (end -5 -7.87) (layer F.CrtYd) (width 0.05))
    (fp_text user KEEPOUT (at 0 6.48 270) (layer Cmts.User)
      (effects (font (size 0.4 0.4) (thickness 0.051)))
    )
    (pad 3 thru_hole circle (at 0 4.95 90) (size 2.13 2.13) (drill 1.43) (layers *.Cu *.Mask)
      (net 16 NOISEHF_OUT))
    (pad 1 thru_hole rect (at 0 -6.45 90) (size 1.93 1.83) (drill 1.22) (layers *.Cu *.Mask)
      (net 2 GND))
    (pad 2 thru_hole circle (at 0 -3.35 90) (size 2.13 2.13) (drill 1.42) (layers *.Cu *.Mask)
      (net 181 "Net-(M31-noisehfout1-Pad2)"))
    (model ${KISYS3DMOD}/Connector_Audio.3dshapes/Jack_3.5mm_QingPu_WQP-PJ398SM_Vertical.wrl
      (at (xyz 0 0 0))
      (scale (xyz 1 1 1))
      (rotate (xyz 0 0 0))
    )
  )

  (module new_kicad:Potentiometer_Alps-RK09 locked (layer Front) (tedit 587E74DF) (tstamp 5D4BC046)
    (at 158.5 103.425 90)
    (descr "9mm insulated shaft potentiometer")
    (tags "Potentiometer Alps Pot 9mm RK09")
    (path /5AD5ACBB/5D9EB563)
    (fp_text reference modehf1 (at 1.4 8.3 270) (layer F.SilkS)
      (effects (font (size 1 1) (thickness 0.15)))
    )
    (fp_text value 10K (at 7 -5.5 90) (layer F.Fab)
      (effects (font (size 1 1) (thickness 0.15)))
    )
    (fp_circle (center 0 0) (end 2 0) (layer F.SilkS) (width 0.15))
    (fp_line (start 4.5 -4.5) (end 4.5 4.5) (layer F.SilkS) (width 0.15))
    (fp_line (start -4.5 -4.5) (end -4.5 4.5) (layer F.SilkS) (width 0.15))
    (fp_line (start 4.5 -4.5) (end 2 -4.5) (layer F.SilkS) (width 0.15))
    (fp_line (start -2 -4.5) (end -4.5 -4.5) (layer F.SilkS) (width 0.15))
    (fp_line (start -2 4.5) (end -4.5 4.5) (layer F.SilkS) (width 0.15))
    (fp_line (start 4.5 4.5) (end 2 4.5) (layer F.SilkS) (width 0.15))
    (fp_line (start -8 3.5) (end -8 -3.5) (layer F.CrtYd) (width 0.05))
    (fp_line (start -5 3.5) (end -8 3.5) (layer F.CrtYd) (width 0.05))
    (fp_line (start -5 5) (end -5 3.5) (layer F.CrtYd) (width 0.05))
    (fp_line (start -2 5) (end -5 5) (layer F.CrtYd) (width 0.05))
    (fp_line (start -2 6.5) (end -2 5) (layer F.CrtYd) (width 0.05))
    (fp_line (start 2 6.5) (end -2 6.5) (layer F.CrtYd) (width 0.05))
    (fp_line (start 2 5) (end 2 6.5) (layer F.CrtYd) (width 0.05))
    (fp_line (start 5 5) (end 2 5) (layer F.CrtYd) (width 0.05))
    (fp_line (start 5 -5) (end 5 5) (layer F.CrtYd) (width 0.05))
    (fp_line (start 2 -5) (end 5 -5) (layer F.CrtYd) (width 0.05))
    (fp_line (start 2 -6.5) (end 2 -5) (layer F.CrtYd) (width 0.05))
    (fp_line (start -8 -3.5) (end -5 -3.5) (layer F.CrtYd) (width 0.05))
    (fp_line (start -2 -5) (end -5 -5) (layer F.CrtYd) (width 0.05))
    (fp_line (start -2 -6.5) (end -2 -5) (layer F.CrtYd) (width 0.05))
    (fp_line (start -2 -6.5) (end 2 -6.5) (layer F.CrtYd) (width 0.05))
    (fp_line (start -5 -5) (end -5 -3.5) (layer F.CrtYd) (width 0.05))
    (pad 5 thru_hole rect (at 0 4.35) (size 3.3 3.3) (drill 2.5) (layers *.Cu *.Mask F.SilkS))
    (pad 4 thru_hole rect (at 0 -4.35) (size 3.3 3.3) (drill 2.5) (layers *.Cu *.Mask F.SilkS))
    (pad 3 thru_hole circle (at -7 2.5) (size 1.8 1.8) (drill 1) (layers *.Cu *.Mask F.SilkS)
      (net 2 GND))
    (pad 2 thru_hole circle (at -7 0) (size 1.8 1.8) (drill 1) (layers *.Cu *.Mask F.SilkS)
      (net 48 "Net-(R96-Pad2)"))
    (pad 1 thru_hole circle (at -7 -2.5) (size 1.8 1.8) (drill 1) (layers *.Cu *.Mask F.SilkS)
      (net 21 AREF-10))
  )

  (module new_kicad:Potentiometer_Alps-RK09 locked (layer Front) (tedit 5D5560D8) (tstamp 5D4BCB31)
    (at 172.275 121.25 90)
    (descr "9mm insulated shaft potentiometer")
    (tags "Potentiometer Alps Pot 9mm RK09")
    (path /5D485002)
    (fp_text reference RV1-comphf1 (at 7.025 5.875 270) (layer F.SilkS)
      (effects (font (size 1 1) (thickness 0.15)))
    )
    (fp_text value 10K (at 7 -5.5 90) (layer F.Fab)
      (effects (font (size 1 1) (thickness 0.15)))
    )
    (fp_circle (center 0 0) (end 2 0) (layer F.SilkS) (width 0.15))
    (fp_line (start 4.5 -4.5) (end 4.5 4.5) (layer F.SilkS) (width 0.15))
    (fp_line (start -4.5 -4.5) (end -4.5 4.5) (layer F.SilkS) (width 0.15))
    (fp_line (start 4.5 -4.5) (end 2 -4.5) (layer F.SilkS) (width 0.15))
    (fp_line (start -2 -4.5) (end -4.5 -4.5) (layer F.SilkS) (width 0.15))
    (fp_line (start -2 4.5) (end -4.5 4.5) (layer F.SilkS) (width 0.15))
    (fp_line (start 4.5 4.5) (end 2 4.5) (layer F.SilkS) (width 0.15))
    (fp_line (start -8 3.5) (end -8 -3.5) (layer F.CrtYd) (width 0.05))
    (fp_line (start -5 3.5) (end -8 3.5) (layer F.CrtYd) (width 0.05))
    (fp_line (start -5 5) (end -5 3.5) (layer F.CrtYd) (width 0.05))
    (fp_line (start -2 5) (end -5 5) (layer F.CrtYd) (width 0.05))
    (fp_line (start -2 6.5) (end -2 5) (layer F.CrtYd) (width 0.05))
    (fp_line (start 2 6.5) (end -2 6.5) (layer F.CrtYd) (width 0.05))
    (fp_line (start 2 5) (end 2 6.5) (layer F.CrtYd) (width 0.05))
    (fp_line (start 5 5) (end 2 5) (layer F.CrtYd) (width 0.05))
    (fp_line (start 5 -5) (end 5 5) (layer F.CrtYd) (width 0.05))
    (fp_line (start 2 -5) (end 5 -5) (layer F.CrtYd) (width 0.05))
    (fp_line (start 2 -6.5) (end 2 -5) (layer F.CrtYd) (width 0.05))
    (fp_line (start -8 -3.5) (end -5 -3.5) (layer F.CrtYd) (width 0.05))
    (fp_line (start -2 -5) (end -5 -5) (layer F.CrtYd) (width 0.05))
    (fp_line (start -2 -6.5) (end -2 -5) (layer F.CrtYd) (width 0.05))
    (fp_line (start -2 -6.5) (end 2 -6.5) (layer F.CrtYd) (width 0.05))
    (fp_line (start -5 -5) (end -5 -3.5) (layer F.CrtYd) (width 0.05))
    (pad 5 thru_hole rect (at 0 4.35) (size 3.3 3.3) (drill 2.5) (layers *.Cu *.Mask F.SilkS))
    (pad 4 thru_hole rect (at 0 -4.35) (size 3.3 3.3) (drill 2.5) (layers *.Cu *.Mask F.SilkS))
    (pad 3 thru_hole circle (at -7 2.5) (size 1.8 1.8) (drill 1) (layers *.Cu *.Mask F.SilkS)
      (net 89 "Net-(R30-Pad2)"))
    (pad 2 thru_hole circle (at -7 0) (size 1.8 1.8) (drill 1) (layers *.Cu *.Mask F.SilkS)
      (net 88 "Net-(R29-Pad1)"))
    (pad 1 thru_hole circle (at -7 -2.5) (size 1.8 1.8) (drill 1) (layers *.Cu *.Mask F.SilkS)
      (net 87 "Net-(R28-Pad2)"))
  )

  (module new_kicad:Potentiometer_Alps-RK09 locked (layer Front) (tedit 5D5568D5) (tstamp 5D4BCB51)
    (at 86 121.25 90)
    (descr "9mm insulated shaft potentiometer")
    (tags "Potentiometer Alps Pot 9mm RK09")
    (path /5D415F53)
    (fp_text reference RV2-complf1 (at 7.725 -5.9 270) (layer F.SilkS)
      (effects (font (size 1 1) (thickness 0.15)))
    )
    (fp_text value 10K (at 7 -5.5 90) (layer F.Fab)
      (effects (font (size 1 1) (thickness 0.15)))
    )
    (fp_circle (center 0 0) (end 2 0) (layer F.SilkS) (width 0.15))
    (fp_line (start 4.5 -4.5) (end 4.5 4.5) (layer F.SilkS) (width 0.15))
    (fp_line (start -4.5 -4.5) (end -4.5 4.5) (layer F.SilkS) (width 0.15))
    (fp_line (start 4.5 -4.5) (end 2 -4.5) (layer F.SilkS) (width 0.15))
    (fp_line (start -2 -4.5) (end -4.5 -4.5) (layer F.SilkS) (width 0.15))
    (fp_line (start -2 4.5) (end -4.5 4.5) (layer F.SilkS) (width 0.15))
    (fp_line (start 4.5 4.5) (end 2 4.5) (layer F.SilkS) (width 0.15))
