(kicad_pcb (version 20171130) (host pcbnew 5.0.2+dfsg1-1)

  (general
    (thickness 1.6)
    (drawings 16)
    (tracks 1478)
    (zones 0)
    (modules 130)
    (nets 91)
  )

  (page A4)
  (layers
    (0 F.Cu signal)
    (31 B.Cu signal)
    (32 B.Adhes user hide)
    (33 F.Adhes user hide)
    (34 B.Paste user)
    (35 F.Paste user hide)
    (36 B.SilkS user)
    (37 F.SilkS user hide)
    (38 B.Mask user)
    (39 F.Mask user hide)
    (40 Dwgs.User user)
    (41 Cmts.User user)
    (42 Eco1.User user)
    (43 Eco2.User user)
    (44 Edge.Cuts user)
    (45 Margin user)
    (46 B.CrtYd user)
    (47 F.CrtYd user)
    (48 B.Fab user)
    (49 F.Fab user hide)
  )

  (setup
    (last_trace_width 0.4)
    (user_trace_width 0.3)
    (user_trace_width 0.4)
    (user_trace_width 0.6)
    (user_trace_width 0.8)
    (trace_clearance 0.2)
    (zone_clearance 0.4)
    (zone_45_only no)
    (trace_min 0.2)
    (segment_width 0.2)
    (edge_width 0.15)
    (via_size 0.8)
    (via_drill 0.4)
    (via_min_size 0.4)
    (via_min_drill 0.3)
    (uvia_size 0.3)
    (uvia_drill 0.1)
    (uvias_allowed no)
    (uvia_min_size 0.2)
    (uvia_min_drill 0.1)
    (pcb_text_width 0.3)
    (pcb_text_size 1.5 1.5)
    (mod_edge_width 0.15)
    (mod_text_size 1 1)
    (mod_text_width 0.15)
    (pad_size 1 1.25)
    (pad_drill 0)
    (pad_to_mask_clearance 0.051)
    (solder_mask_min_width 0.25)
    (aux_axis_origin 0 0)
    (visible_elements FFFFFF7F)
    (pcbplotparams
      (layerselection 0x04010_7ffffffe)
      (usegerberextensions false)
      (usegerberattributes false)
      (usegerberadvancedattributes false)
      (creategerberjobfile false)
      (excludeedgelayer true)
      (linewidth 0.050000)
      (plotframeref false)
      (viasonmask false)
      (mode 1)
      (useauxorigin false)
      (hpglpennumber 1)
      (hpglpenspeed 20)
      (hpglpendiameter 15.000000)
      (psnegative false)
      (psa4output false)
      (plotreference false)
      (plotvalue true)
      (plotinvisibletext true)
      (padsonsilk false)
      (subtractmaskfromsilk false)
      (outputformat 4)
      (mirror true)
      (drillshape 0)
      (scaleselection 1)
      (outputdirectory ""))
  )

  (net 0 "")
  (net 1 GND)
  (net 2 B2)
  (net 3 "Net-(C3-Pad2)")
  (net 4 "Net-(C5-Pad2)")
  (net 5 "Net-(C7-Pad2)")
  (net 6 "Net-(C8-Pad2)")
  (net 7 "Net-(C11-Pad2)")
  (net 8 RR1)
  (net 9 "Net-(C13-Pad2)")
  (net 10 "Net-(C14-Pad2)")
  (net 11 "Net-(C15-Pad2)")
  (net 12 "Net-(C16-Pad2)")
  (net 13 "Net-(C17-Pad2)")
  (net 14 "Net-(C19-Pad2)")
  (net 15 B3)
  (net 16 "Net-(C24-Pad2)")
  (net 17 "Net-(C26-Pad2)")
  (net 18 "Net-(C27-Pad2)")
  (net 19 "Net-(C28-Pad2)")
  (net 20 "Net-(C29-Pad2)")
  (net 21 "Net-(C30-Pad2)")
  (net 22 "Net-(C32-Pad2)")
  (net 23 "Net-(C33-Pad2)")
  (net 24 "Net-(C35-Pad2)")
  (net 25 +12V)
  (net 26 -12V)
  (net 27 "Net-(D1-Pad2)")
  (net 28 "Net-(D1-Pad1)")
  (net 29 C1)
  (net 30 C2)
  (net 31 C3)
  (net 32 DD1)
  (net 33 B1)
  (net 34 BB1)
  (net 35 "Net-(R13-Pad1)")
  (net 36 BB2)
  (net 37 BB3)
  (net 38 "Net-(R23-Pad1)")
  (net 39 "Net-(R45-Pad1)")
  (net 40 "Net-(R52-Pad1)")
  (net 41 "Net-(R53-Pad1)")
  (net 42 "Net-(R57-Pad2)")
  (net 43 /bintic/C1)
  (net 44 /bintic/C2)
  (net 45 /bintic/C3)
  (net 46 "Net-(D2-Pad1)")
  (net 47 "Net-(D3-Pad2)")
  (net 48 "Net-(C1-Pad2)")
  (net 49 "Net-(C4-Pad2)")
  (net 50 "Net-(C10-Pad2)")
  (net 51 "Net-(C15-Pad1)")
  (net 52 "Net-(C20-Pad2)")
  (net 53 "Net-(C22-Pad2)")
  (net 54 "Net-(C23-Pad2)")
  (net 55 "Net-(C31-Pad2)")
  (net 56 "Net-(M1-Pad3)")
  (net 57 "Net-(M2-Pad3)")
  (net 58 IN)
  (net 59 DAMPCV)
  (net 60 BCV)
  (net 61 SIGCV)
  (net 62 "Net-(R1-Pad1)")
  (net 63 "Net-(R5-Pad1)")
  (net 64 "Net-(R10-Pad2)")
  (net 65 "Net-(R17-Pad2)")
  (net 66 "Net-(R18-Pad1)")
  (net 67 "Net-(R21-Pad2)")
  (net 68 "Net-(R22-Pad2)")
  (net 69 "Net-(R24-Pad1)")
  (net 70 "Net-(R29-Pad1)")
  (net 71 "Net-(R31-Pad1)")
  (net 72 "Net-(R32-Pad1)")
  (net 73 "Net-(R35-Pad1)")
  (net 74 "Net-(R36-Pad1)")
  (net 75 "Net-(R37-Pad1)")
  (net 76 "Net-(R38-Pad2)")
  (net 77 CDAMP)
  (net 78 CSIG)
  (net 79 "Net-(R44-Pad1)")
  (net 80 "Net-(R46-Pad2)")
  (net 81 "Net-(R48-Pad1)")
  (net 82 "Net-(R53-Pad2)")
  (net 83 "Net-(R50-Pad1)")
  (net 84 "Net-(R58-Pad1)")
  (net 85 "Net-(R59-Pad1)")
  (net 86 "Net-(R60-Pad2)")
  (net 87 "Net-(R61-Pad2)")
  (net 88 "Net-(R62-Pad2)")
  (net 89 "Net-(C6-Pad1)")
  (net 90 "Net-(C18-Pad1)")

  (net_class Default "This is the default net class."
    (clearance 0.2)
    (trace_width 0.25)
    (via_dia 0.8)
    (via_drill 0.4)
    (uvia_dia 0.3)
    (uvia_drill 0.1)
    (add_net +12V)
    (add_net -12V)
    (add_net /bintic/C1)
    (add_net /bintic/C2)
    (add_net /bintic/C3)
    (add_net B1)
    (add_net B2)
    (add_net B3)
    (add_net BB1)
    (add_net BB2)
    (add_net BB3)
    (add_net BCV)
    (add_net C1)
    (add_net C2)
    (add_net C3)
    (add_net CDAMP)
    (add_net CSIG)
    (add_net DAMPCV)
    (add_net DD1)
    (add_net GND)
    (add_net IN)
    (add_net "Net-(C1-Pad2)")
    (add_net "Net-(C10-Pad2)")
    (add_net "Net-(C11-Pad2)")
    (add_net "Net-(C13-Pad2)")
    (add_net "Net-(C14-Pad2)")
    (add_net "Net-(C15-Pad1)")
    (add_net "Net-(C15-Pad2)")
    (add_net "Net-(C16-Pad2)")
    (add_net "Net-(C17-Pad2)")
    (add_net "Net-(C18-Pad1)")
    (add_net "Net-(C19-Pad2)")
    (add_net "Net-(C20-Pad2)")
    (add_net "Net-(C22-Pad2)")
    (add_net "Net-(C23-Pad2)")
    (add_net "Net-(C24-Pad2)")
    (add_net "Net-(C26-Pad2)")
    (add_net "Net-(C27-Pad2)")
    (add_net "Net-(C28-Pad2)")
    (add_net "Net-(C29-Pad2)")
    (add_net "Net-(C3-Pad2)")
    (add_net "Net-(C30-Pad2)")
    (add_net "Net-(C31-Pad2)")
    (add_net "Net-(C32-Pad2)")
    (add_net "Net-(C33-Pad2)")
    (add_net "Net-(C35-Pad2)")
    (add_net "Net-(C4-Pad2)")
    (add_net "Net-(C5-Pad2)")
    (add_net "Net-(C6-Pad1)")
    (add_net "Net-(C7-Pad2)")
    (add_net "Net-(C8-Pad2)")
    (add_net "Net-(D1-Pad1)")
    (add_net "Net-(D1-Pad2)")
    (add_net "Net-(D2-Pad1)")
    (add_net "Net-(D3-Pad2)")
    (add_net "Net-(M1-Pad3)")
    (add_net "Net-(M2-Pad3)")
    (add_net "Net-(R1-Pad1)")
    (add_net "Net-(R10-Pad2)")
    (add_net "Net-(R13-Pad1)")
    (add_net "Net-(R17-Pad2)")
    (add_net "Net-(R18-Pad1)")
    (add_net "Net-(R21-Pad2)")
    (add_net "Net-(R22-Pad2)")
    (add_net "Net-(R23-Pad1)")
    (add_net "Net-(R24-Pad1)")
    (add_net "Net-(R29-Pad1)")
    (add_net "Net-(R31-Pad1)")
    (add_net "Net-(R32-Pad1)")
    (add_net "Net-(R35-Pad1)")
    (add_net "Net-(R36-Pad1)")
    (add_net "Net-(R37-Pad1)")
    (add_net "Net-(R38-Pad2)")
    (add_net "Net-(R44-Pad1)")
    (add_net "Net-(R45-Pad1)")
    (add_net "Net-(R46-Pad2)")
    (add_net "Net-(R48-Pad1)")
    (add_net "Net-(R5-Pad1)")
    (add_net "Net-(R50-Pad1)")
    (add_net "Net-(R52-Pad1)")
    (add_net "Net-(R53-Pad1)")
    (add_net "Net-(R53-Pad2)")
    (add_net "Net-(R57-Pad2)")
    (add_net "Net-(R58-Pad1)")
    (add_net "Net-(R59-Pad1)")
    (add_net "Net-(R60-Pad2)")
    (add_net "Net-(R61-Pad2)")
    (add_net "Net-(R62-Pad2)")
    (add_net RR1)
    (add_net SIGCV)
  )

  (module new_kicad:Jack_3.5mm_QingPu_WQP-PJ398SM_Vertical_CircularHoles (layer F.Cu) (tedit 5FF38DA2) (tstamp 60061320)
    (at 111.99 39.998)
    (descr "TRS 3.5mm, vertical, Thonkiconn, PCB mount, (http://www.qingpu-electronics.com/en/products/WQP-PJ398SM-362.html)")
    (tags "WQP-PJ398SM WQP-PJ301M-12 TRS 3.5mm mono vertical jack thonkiconn qingpu")
    (path /5EB3CA17/5EB1ED03)
    (fp_text reference M1 (at -4.03 1.08 180) (layer F.SilkS)
      (effects (font (size 1 1) (thickness 0.15)))
    )
    (fp_text value AUDIO-JACKERTHENVAR (at 0 5 180) (layer F.Fab)
      (effects (font (size 1 1) (thickness 0.15)))
    )
    (fp_text user KEEPOUT (at 2.79 5.59) (layer Cmts.User)
      (effects (font (size 0.4 0.4) (thickness 0.051)))
    )
    (fp_line (start -5 12.98) (end -5 -1.42) (layer F.CrtYd) (width 0.05))
    (fp_line (start -4.5 12.48) (end -4.5 2.08) (layer F.Fab) (width 0.1))
    (fp_text user %R (at 0 8 180) (layer F.Fab)
      (effects (font (size 1 1) (thickness 0.15)))
    )
    (fp_line (start -4.5 1.98) (end -4.5 12.48) (layer F.SilkS) (width 0.12))
    (fp_line (start 4.5 1.98) (end 4.5 12.48) (layer F.SilkS) (width 0.12))
    (fp_circle (center 0 6.48) (end 1.5 6.48) (layer Dwgs.User) (width 0.12))
    (fp_line (start 0.09 7.96) (end 1.48 6.57) (layer Dwgs.User) (width 0.12))
    (fp_line (start -0.58 7.83) (end 1.36 5.89) (layer Dwgs.User) (width 0.12))
    (fp_line (start -1.07 7.49) (end 1.01 5.41) (layer Dwgs.User) (width 0.12))
    (fp_line (start -1.42 6.875) (end 0.4 5.06) (layer Dwgs.User) (width 0.12))
    (fp_line (start -1.41 6.02) (end -0.46 5.07) (layer Dwgs.User) (width 0.12))
    (fp_line (start 4.5 12.48) (end 0.5 12.48) (layer F.SilkS) (width 0.12))
    (fp_line (start -0.5 12.48) (end -4.5 12.48) (layer F.SilkS) (width 0.12))
    (fp_line (start 4.5 1.98) (end 0.35 1.98) (layer F.SilkS) (width 0.12))
    (fp_line (start -0.35 1.98) (end -4.5 1.98) (layer F.SilkS) (width 0.12))
    (fp_circle (center 0 6.48) (end 1.8 6.48) (layer F.SilkS) (width 0.12))
    (fp_line (start -1.06 -1) (end -1.06 -0.2) (layer F.SilkS) (width 0.12))
    (fp_line (start -1.06 -1) (end -0.2 -1) (layer F.SilkS) (width 0.12))
    (fp_line (start 4.5 12.48) (end 4.5 2.08) (layer F.Fab) (width 0.1))
    (fp_line (start 4.5 12.48) (end -4.5 12.48) (layer F.Fab) (width 0.1))
    (fp_line (start 5 12.98) (end 5 -1.42) (layer F.CrtYd) (width 0.05))
    (fp_line (start 5 12.98) (end -5 12.98) (layer F.CrtYd) (width 0.05))
    (fp_line (start 5 -1.42) (end -5 -1.42) (layer F.CrtYd) (width 0.05))
    (fp_line (start 4.5 2.03) (end -4.5 2.03) (layer F.Fab) (width 0.1))
    (fp_circle (center 0 6.48) (end 1.8 6.48) (layer F.Fab) (width 0.1))
    (fp_line (start 0 0) (end 0 2.03) (layer F.Fab) (width 0.1))
    (pad 2 thru_hole circle (at 0 3.1 180) (size 2.13 2.13) (drill 1.42) (layers *.Cu *.Mask))
    (pad 1 thru_hole rect (at 0 0 180) (size 1.93 1.83) (drill 1.22) (layers *.Cu *.Mask)
      (net 1 GND))
    (pad 3 thru_hole circle (at 0 11.4 180) (size 2.13 2.13) (drill 1.43) (layers *.Cu *.Mask)
      (net 56 "Net-(M1-Pad3)"))
    (model ${KISYS3DMOD}/Connector_Audio.3dshapes/Jack_3.5mm_QingPu_WQP-PJ398SM_Vertical.wrl
      (at (xyz 0 0 0))
      (scale (xyz 1 1 1))
      (rotate (xyz 0 0 0))
    )
  )

  (module new_kicad:Jack_3.5mm_QingPu_WQP-PJ398SM_Vertical_CircularHoles (layer F.Cu) (tedit 5D4B3013) (tstamp 600613C5)
    (at 111.99 73.814)
    (descr "TRS 3.5mm, vertical, Thonkiconn, PCB mount, (http://www.qingpu-electronics.com/en/products/WQP-PJ398SM-362.html)")
    (tags "WQP-PJ398SM WQP-PJ301M-12 TRS 3.5mm mono vertical jack thonkiconn qingpu")
    (path /5ED966D6/5EE2F07E)
    (fp_text reference M6 (at -4.03 1.08 180) (layer F.SilkS)
      (effects (font (size 1 1) (thickness 0.15)))
    )
    (fp_text value AUDIO-JACKERTHENVAR (at 0 5 180) (layer F.Fab)
      (effects (font (size 1 1) (thickness 0.15)))
    )
    (fp_line (start 0 0) (end 0 2.03) (layer F.Fab) (width 0.1))
    (fp_circle (center 0 6.48) (end 1.8 6.48) (layer F.Fab) (width 0.1))
    (fp_line (start 4.5 2.03) (end -4.5 2.03) (layer F.Fab) (width 0.1))
    (fp_line (start 5 -1.42) (end -5 -1.42) (layer F.CrtYd) (width 0.05))
    (fp_line (start 5 12.98) (end -5 12.98) (layer F.CrtYd) (width 0.05))
    (fp_line (start 5 12.98) (end 5 -1.42) (layer F.CrtYd) (width 0.05))
    (fp_line (start 4.5 12.48) (end -4.5 12.48) (layer F.Fab) (width 0.1))
    (fp_line (start 4.5 12.48) (end 4.5 2.08) (layer F.Fab) (width 0.1))
    (fp_line (start -1.06 -1) (end -0.2 -1) (layer F.SilkS) (width 0.12))
    (fp_line (start -1.06 -1) (end -1.06 -0.2) (layer F.SilkS) (width 0.12))
    (fp_circle (center 0 6.48) (end 1.8 6.48) (layer F.SilkS) (width 0.12))
    (fp_line (start -0.35 1.98) (end -4.5 1.98) (layer F.SilkS) (width 0.12))
    (fp_line (start 4.5 1.98) (end 0.35 1.98) (layer F.SilkS) (width 0.12))
    (fp_line (start -0.5 12.48) (end -4.5 12.48) (layer F.SilkS) (width 0.12))
    (fp_line (start 4.5 12.48) (end 0.5 12.48) (layer F.SilkS) (width 0.12))
    (fp_line (start -1.41 6.02) (end -0.46 5.07) (layer Dwgs.User) (width 0.12))
    (fp_line (start -1.42 6.875) (end 0.4 5.06) (layer Dwgs.User) (width 0.12))
    (fp_line (start -1.07 7.49) (end 1.01 5.41) (layer Dwgs.User) (width 0.12))
    (fp_line (start -0.58 7.83) (end 1.36 5.89) (layer Dwgs.User) (width 0.12))
    (fp_line (start 0.09 7.96) (end 1.48 6.57) (layer Dwgs.User) (width 0.12))
    (fp_circle (center 0 6.48) (end 1.5 6.48) (layer Dwgs.User) (width 0.12))
    (fp_line (start 4.5 1.98) (end 4.5 12.48) (layer F.SilkS) (width 0.12))
    (fp_line (start -4.5 1.98) (end -4.5 12.48) (layer F.SilkS) (width 0.12))
    (fp_text user %R (at 0 8 180) (layer F.Fab)
      (effects (font (size 1 1) (thickness 0.15)))
    )
    (fp_line (start -4.5 12.48) (end -4.5 2.08) (layer F.Fab) (width 0.1))
    (fp_line (start -5 12.98) (end -5 -1.42) (layer F.CrtYd) (width 0.05))
    (fp_text user KEEPOUT (at 0 6.48) (layer Cmts.User)
      (effects (font (size 0.4 0.4) (thickness 0.051)))
    )
    (pad 3 thru_hole circle (at 0 11.4 180) (size 2.13 2.13) (drill 1.43) (layers *.Cu *.Mask)
      (net 61 SIGCV))
    (pad 1 thru_hole rect (at 0 0 180) (size 1.93 1.83) (drill 1.22) (layers *.Cu *.Mask)
      (net 1 GND))
    (pad 2 thru_hole circle (at 0 3.1 180) (size 2.13 2.13) (drill 1.42) (layers *.Cu *.Mask))
    (model ${KISYS3DMOD}/Connector_Audio.3dshapes/Jack_3.5mm_QingPu_WQP-PJ398SM_Vertical.wrl
      (at (xyz 0 0 0))
      (scale (xyz 1 1 1))
      (rotate (xyz 0 0 0))
    )
  )

  (module new_kicad:Jack_3.5mm_QingPu_WQP-PJ398SM_Vertical_CircularHoles (layer F.Cu) (tedit 5FF389C1) (tstamp 600613A4)
    (at 111.99 56.906)
    (descr "TRS 3.5mm, vertical, Thonkiconn, PCB mount, (http://www.qingpu-electronics.com/en/products/WQP-PJ398SM-362.html)")
    (tags "WQP-PJ398SM WQP-PJ301M-12 TRS 3.5mm mono vertical jack thonkiconn qingpu")
    (path /5ED966D6/5F91C1C4)
    (fp_text reference M5 (at -4.03 1.08 180) (layer F.SilkS)
      (effects (font (size 1 1) (thickness 0.15)))
    )
    (fp_text value AUDIO-JACKERTHENVAR (at -2.31 3.2 180) (layer F.Fab)
      (effects (font (size 1 1) (thickness 0.15)))
    )
    (fp_line (start 0 0) (end 0 2.03) (layer F.Fab) (width 0.1))
    (fp_circle (center 0 6.48) (end 1.8 6.48) (layer F.Fab) (width 0.1))
    (fp_line (start 4.5 2.03) (end -4.5 2.03) (layer F.Fab) (width 0.1))
    (fp_line (start 5 -1.42) (end -5 -1.42) (layer F.CrtYd) (width 0.05))
    (fp_line (start 5 12.98) (end -5 12.98) (layer F.CrtYd) (width 0.05))
    (fp_line (start 5 12.98) (end 5 -1.42) (layer F.CrtYd) (width 0.05))
    (fp_line (start 4.5 12.48) (end -4.5 12.48) (layer F.Fab) (width 0.1))
    (fp_line (start 4.5 12.48) (end 4.5 2.08) (layer F.Fab) (width 0.1))
    (fp_line (start -1.06 -1) (end -0.2 -1) (layer F.SilkS) (width 0.12))
    (fp_line (start -1.06 -1) (end -1.06 -0.2) (layer F.SilkS) (width 0.12))
    (fp_circle (center 0 6.48) (end 1.8 6.48) (layer F.SilkS) (width 0.12))
    (fp_line (start -0.35 1.98) (end -4.5 1.98) (layer F.SilkS) (width 0.12))
    (fp_line (start 4.5 1.98) (end 0.35 1.98) (layer F.SilkS) (width 0.12))
    (fp_line (start -0.5 12.48) (end -4.5 12.48) (layer F.SilkS) (width 0.12))
    (fp_line (start 4.5 12.48) (end 0.5 12.48) (layer F.SilkS) (width 0.12))
    (fp_line (start -1.41 6.02) (end -0.46 5.07) (layer Dwgs.User) (width 0.12))
    (fp_line (start -1.42 6.875) (end 0.4 5.06) (layer Dwgs.User) (width 0.12))
    (fp_line (start -1.07 7.49) (end 1.01 5.41) (layer Dwgs.User) (width 0.12))
    (fp_line (start -0.58 7.83) (end 1.36 5.89) (layer Dwgs.User) (width 0.12))
    (fp_line (start 0.09 7.96) (end 1.48 6.57) (layer Dwgs.User) (width 0.12))
    (fp_circle (center 0 6.48) (end 1.5 6.48) (layer Dwgs.User) (width 0.12))
    (fp_line (start 4.5 1.98) (end 4.5 12.48) (layer F.SilkS) (width 0.12))
    (fp_line (start -4.5 1.98) (end -4.5 12.48) (layer F.SilkS) (width 0.12))
    (fp_text user %R (at 0 8 180) (layer F.Fab)
      (effects (font (size 1 1) (thickness 0.15)))
    )
    (fp_line (start -4.5 12.48) (end -4.5 2.08) (layer F.Fab) (width 0.1))
    (fp_line (start -5 12.98) (end -5 -1.42) (layer F.CrtYd) (width 0.05))
    (fp_text user KEEPOUT (at 0 6.48) (layer Cmts.User)
      (effects (font (size 0.4 0.4) (thickness 0.051)))
    )
    (pad 3 thru_hole circle (at 0 11.4 180) (size 2.13 2.13) (drill 1.43) (layers *.Cu *.Mask)
      (net 60 BCV))
    (pad 1 thru_hole rect (at 0 0 180) (size 1.93 1.83) (drill 1.22) (layers *.Cu *.Mask)
      (net 1 GND))
    (pad 2 thru_hole circle (at 0 3.1 180) (size 2.13 2.13) (drill 1.42) (layers *.Cu *.Mask))
    (model ${KISYS3DMOD}/Connector_Audio.3dshapes/Jack_3.5mm_QingPu_WQP-PJ398SM_Vertical.wrl
      (at (xyz 0 0 0))
      (scale (xyz 1 1 1))
      (rotate (xyz 0 0 0))
    )
  )

  (module new_kicad:Jack_3.5mm_QingPu_WQP-PJ398SM_Vertical_CircularHoles (layer F.Cu) (tedit 5D4B3013) (tstamp 60061362)
    (at 111.99 23.09)
    (descr "TRS 3.5mm, vertical, Thonkiconn, PCB mount, (http://www.qingpu-electronics.com/en/products/WQP-PJ398SM-362.html)")
    (tags "WQP-PJ398SM WQP-PJ301M-12 TRS 3.5mm mono vertical jack thonkiconn qingpu")
    (path /5EB3CA17/5EADB5B3)
    (fp_text reference M3 (at -4.03 1.08 180) (layer F.SilkS)
      (effects (font (size 1 1) (thickness 0.15)))
    )
    (fp_text value AUDIO-JACKERTHENVAR (at 0 5 180) (layer F.Fab)
      (effects (font (size 1 1) (thickness 0.15)))
    )
    (fp_line (start 0 0) (end 0 2.03) (layer F.Fab) (width 0.1))
    (fp_circle (center 0 6.48) (end 1.8 6.48) (layer F.Fab) (width 0.1))
    (fp_line (start 4.5 2.03) (end -4.5 2.03) (layer F.Fab) (width 0.1))
    (fp_line (start 5 -1.42) (end -5 -1.42) (layer F.CrtYd) (width 0.05))
    (fp_line (start 5 12.98) (end -5 12.98) (layer F.CrtYd) (width 0.05))
    (fp_line (start 5 12.98) (end 5 -1.42) (layer F.CrtYd) (width 0.05))
    (fp_line (start 4.5 12.48) (end -4.5 12.48) (layer F.Fab) (width 0.1))
    (fp_line (start 4.5 12.48) (end 4.5 2.08) (layer F.Fab) (width 0.1))
    (fp_line (start -1.06 -1) (end -0.2 -1) (layer F.SilkS) (width 0.12))
    (fp_line (start -1.06 -1) (end -1.06 -0.2) (layer F.SilkS) (width 0.12))
    (fp_circle (center 0 6.48) (end 1.8 6.48) (layer F.SilkS) (width 0.12))
    (fp_line (start -0.35 1.98) (end -4.5 1.98) (layer F.SilkS) (width 0.12))
    (fp_line (start 4.5 1.98) (end 0.35 1.98) (layer F.SilkS) (width 0.12))
    (fp_line (start -0.5 12.48) (end -4.5 12.48) (layer F.SilkS) (width 0.12))
    (fp_line (start 4.5 12.48) (end 0.5 12.48) (layer F.SilkS) (width 0.12))
    (fp_line (start -1.41 6.02) (end -0.46 5.07) (layer Dwgs.User) (width 0.12))
    (fp_line (start -1.42 6.875) (end 0.4 5.06) (layer Dwgs.User) (width 0.12))
    (fp_line (start -1.07 7.49) (end 1.01 5.41) (layer Dwgs.User) (width 0.12))
    (fp_line (start -0.58 7.83) (end 1.36 5.89) (layer Dwgs.User) (width 0.12))
    (fp_line (start 0.09 7.96) (end 1.48 6.57) (layer Dwgs.User) (width 0.12))
    (fp_circle (center 0 6.48) (end 1.5 6.48) (layer Dwgs.User) (width 0.12))
    (fp_line (start 4.5 1.98) (end 4.5 12.48) (layer F.SilkS) (width 0.12))
    (fp_line (start -4.5 1.98) (end -4.5 12.48) (layer F.SilkS) (width 0.12))
    (fp_text user %R (at 0 8 180) (layer F.Fab)
      (effects (font (size 1 1) (thickness 0.15)))
    )
    (fp_line (start -4.5 12.48) (end -4.5 2.08) (layer F.Fab) (width 0.1))
    (fp_line (start -5 12.98) (end -5 -1.42) (layer F.CrtYd) (width 0.05))
    (fp_text user KEEPOUT (at 0 6.48) (layer Cmts.User)
      (effects (font (size 0.4 0.4) (thickness 0.051)))
    )
    (pad 3 thru_hole circle (at 0 11.4 180) (size 2.13 2.13) (drill 1.43) (layers *.Cu *.Mask)
      (net 58 IN))
    (pad 1 thru_hole rect (at 0 0 180) (size 1.93 1.83) (drill 1.22) (layers *.Cu *.Mask)
      (net 1 GND))
    (pad 2 thru_hole circle (at 0 3.1 180) (size 2.13 2.13) (drill 1.42) (layers *.Cu *.Mask))
    (model ${KISYS3DMOD}/Connector_Audio.3dshapes/Jack_3.5mm_QingPu_WQP-PJ398SM_Vertical.wrl
      (at (xyz 0 0 0))
      (scale (xyz 1 1 1))
      (rotate (xyz 0 0 0))
    )
  )

  (module new_kicad:Jack_3.5mm_QingPu_WQP-PJ398SM_Vertical_CircularHoles (layer F.Cu) (tedit 5FF389BB) (tstamp 60061383)
    (at 111.99 90.722)
    (descr "TRS 3.5mm, vertical, Thonkiconn, PCB mount, (http://www.qingpu-electronics.com/en/products/WQP-PJ398SM-362.html)")
    (tags "WQP-PJ398SM WQP-PJ301M-12 TRS 3.5mm mono vertical jack thonkiconn qingpu")
    (path /5ED966D6/5F922BCB)
    (fp_text reference M4 (at -4.03 1.08 180) (layer F.SilkS)
      (effects (font (size 1 1) (thickness 0.15)))
    )
    (fp_text value AUDIO-JACKERTHENVAR (at -2.87 6.76 180) (layer F.Fab)
      (effects (font (size 1 1) (thickness 0.15)))
    )
    (fp_text user KEEPOUT (at 0 6.48) (layer Cmts.User)
      (effects (font (size 0.4 0.4) (thickness 0.051)))
    )
    (fp_line (start -5 12.98) (end -5 -1.42) (layer F.CrtYd) (width 0.05))
    (fp_line (start -4.5 12.48) (end -4.5 2.08) (layer F.Fab) (width 0.1))
    (fp_text user %R (at 0 8 180) (layer F.Fab)
      (effects (font (size 1 1) (thickness 0.15)))
    )
    (fp_line (start -4.5 1.98) (end -4.5 12.48) (layer F.SilkS) (width 0.12))
    (fp_line (start 4.5 1.98) (end 4.5 12.48) (layer F.SilkS) (width 0.12))
    (fp_circle (center 0 6.48) (end 1.5 6.48) (layer Dwgs.User) (width 0.12))
    (fp_line (start 0.09 7.96) (end 1.48 6.57) (layer Dwgs.User) (width 0.12))
    (fp_line (start -0.58 7.83) (end 1.36 5.89) (layer Dwgs.User) (width 0.12))
    (fp_line (start -1.07 7.49) (end 1.01 5.41) (layer Dwgs.User) (width 0.12))
    (fp_line (start -1.42 6.875) (end 0.4 5.06) (layer Dwgs.User) (width 0.12))
    (fp_line (start -1.41 6.02) (end -0.46 5.07) (layer Dwgs.User) (width 0.12))
    (fp_line (start 4.5 12.48) (end 0.5 12.48) (layer F.SilkS) (width 0.12))
    (fp_line (start -0.5 12.48) (end -4.5 12.48) (layer F.SilkS) (width 0.12))
    (fp_line (start 4.5 1.98) (end 0.35 1.98) (layer F.SilkS) (width 0.12))
    (fp_line (start -0.35 1.98) (end -4.5 1.98) (layer F.SilkS) (width 0.12))
    (fp_circle (center 0 6.48) (end 1.8 6.48) (layer F.SilkS) (width 0.12))
    (fp_line (start -1.06 -1) (end -1.06 -0.2) (layer F.SilkS) (width 0.12))
    (fp_line (start -1.06 -1) (end -0.2 -1) (layer F.SilkS) (width 0.12))
    (fp_line (start 4.5 12.48) (end 4.5 2.08) (layer F.Fab) (width 0.1))
    (fp_line (start 4.5 12.48) (end -4.5 12.48) (layer F.Fab) (width 0.1))
    (fp_line (start 5 12.98) (end 5 -1.42) (layer F.CrtYd) (width 0.05))
    (fp_line (start 5 12.98) (end -5 12.98) (layer F.CrtYd) (width 0.05))
    (fp_line (start 5 -1.42) (end -5 -1.42) (layer F.CrtYd) (width 0.05))
    (fp_line (start 4.5 2.03) (end -4.5 2.03) (layer F.Fab) (width 0.1))
    (fp_circle (center 0 6.48) (end 1.8 6.48) (layer F.Fab) (width 0.1))
    (fp_line (start 0 0) (end 0 2.03) (layer F.Fab) (width 0.1))
    (pad 2 thru_hole circle (at 0 3.1 180) (size 2.13 2.13) (drill 1.42) (layers *.Cu *.Mask))
    (pad 1 thru_hole rect (at 0 0 180) (size 1.93 1.83) (drill 1.22) (layers *.Cu *.Mask)
      (net 1 GND))
    (pad 3 thru_hole circle (at 0 11.4 180) (size 2.13 2.13) (drill 1.43) (layers *.Cu *.Mask)
      (net 59 DAMPCV))
    (model ${KISYS3DMOD}/Connector_Audio.3dshapes/Jack_3.5mm_QingPu_WQP-PJ398SM_Vertical.wrl
      (at (xyz 0 0 0))
      (scale (xyz 1 1 1))
      (rotate (xyz 0 0 0))
    )
  )

  (module new_kicad:Jack_3.5mm_QingPu_WQP-PJ398SM_Vertical_CircularHoles (layer F.Cu) (tedit 5D4B3013) (tstamp 60061341)
    (at 111.99 107.63)
    (descr "TRS 3.5mm, vertical, Thonkiconn, PCB mount, (http://www.qingpu-electronics.com/en/products/WQP-PJ398SM-362.html)")
    (tags "WQP-PJ398SM WQP-PJ301M-12 TRS 3.5mm mono vertical jack thonkiconn qingpu")
    (path /5EB3CA17/5EADB3AA)
    (fp_text reference M2 (at -4.03 1.08 180) (layer F.SilkS)
      (effects (font (size 1 1) (thickness 0.15)))
    )
    (fp_text value AUDIO-JACKERTHENVAR (at 0 5 180) (layer F.Fab)
      (effects (font (size 1 1) (thickness 0.15)))
    )
    (fp_text user KEEPOUT (at 0 6.48) (layer Cmts.User)
      (effects (font (size 0.4 0.4) (thickness 0.051)))
    )
    (fp_line (start -5 12.98) (end -5 -1.42) (layer F.CrtYd) (width 0.05))
    (fp_line (start -4.5 12.48) (end -4.5 2.08) (layer F.Fab) (width 0.1))
    (fp_text user %R (at 0 8 180) (layer F.Fab)
      (effects (font (size 1 1) (thickness 0.15)))
    )
    (fp_line (start -4.5 1.98) (end -4.5 12.48) (layer F.SilkS) (width 0.12))
    (fp_line (start 4.5 1.98) (end 4.5 12.48) (layer F.SilkS) (width 0.12))
    (fp_circle (center 0 6.48) (end 1.5 6.48) (layer Dwgs.User) (width 0.12))
    (fp_line (start 0.09 7.96) (end 1.48 6.57) (layer Dwgs.User) (width 0.12))
    (fp_line (start -0.58 7.83) (end 1.36 5.89) (layer Dwgs.User) (width 0.12))
    (fp_line (start -1.07 7.49) (end 1.01 5.41) (layer Dwgs.User) (width 0.12))
    (fp_line (start -1.42 6.875) (end 0.4 5.06) (layer Dwgs.User) (width 0.12))
    (fp_line (start -1.41 6.02) (end -0.46 5.07) (layer Dwgs.User) (width 0.12))
    (fp_line (start 4.5 12.48) (end 0.5 12.48) (layer F.SilkS) (width 0.12))
    (fp_line (start -0.5 12.48) (end -4.5 12.48) (layer F.SilkS) (width 0.12))
    (fp_line (start 4.5 1.98) (end 0.35 1.98) (layer F.SilkS) (width 0.12))
    (fp_line (start -0.35 1.98) (end -4.5 1.98) (layer F.SilkS) (width 0.12))
    (fp_circle (center 0 6.48) (end 1.8 6.48) (layer F.SilkS) (width 0.12))
    (fp_line (start -1.06 -1) (end -1.06 -0.2) (layer F.SilkS) (width 0.12))
    (fp_line (start -1.06 -1) (end -0.2 -1) (layer F.SilkS) (width 0.12))
    (fp_line (start 4.5 12.48) (end 4.5 2.08) (layer F.Fab) (width 0.1))
    (fp_line (start 4.5 12.48) (end -4.5 12.48) (layer F.Fab) (width 0.1))
    (fp_line (start 5 12.98) (end 5 -1.42) (layer F.CrtYd) (width 0.05))
    (fp_line (start 5 12.98) (end -5 12.98) (layer F.CrtYd) (width 0.05))
    (fp_line (start 5 -1.42) (end -5 -1.42) (layer F.CrtYd) (width 0.05))
    (fp_line (start 4.5 2.03) (end -4.5 2.03) (layer F.Fab) (width 0.1))
    (fp_circle (center 0 6.48) (end 1.8 6.48) (layer F.Fab) (width 0.1))
    (fp_line (start 0 0) (end 0 2.03) (layer F.Fab) (width 0.1))
    (pad 2 thru_hole circle (at 0 3.1 180) (size 2.13 2.13) (drill 1.42) (layers *.Cu *.Mask))
    (pad 1 thru_hole rect (at 0 0 180) (size 1.93 1.83) (drill 1.22) (layers *.Cu *.Mask)
      (net 1 GND))
    (pad 3 thru_hole circle (at 0 11.4 180) (size 2.13 2.13) (drill 1.43) (layers *.Cu *.Mask)
      (net 57 "Net-(M2-Pad3)"))
    (model ${KISYS3DMOD}/Connector_Audio.3dshapes/Jack_3.5mm_QingPu_WQP-PJ398SM_Vertical.wrl
      (at (xyz 0 0 0))
      (scale (xyz 1 1 1))
      (rotate (xyz 0 0 0))
    )
  )

  (module Capacitors_SMD:C_0805 (layer B.Cu) (tedit 58AA8463) (tstamp 5FC9937A)
    (at 116.94 31.56)
    (descr "Capacitor SMD 0805, reflow soldering, AVX (see smccp.pdf)")
    (tags "capacitor 0805")
    (path /5EB3CA17/5F7EAF23)
    (attr smd)
    (fp_text reference C1 (at 0 1.5) (layer B.SilkS)
      (effects (font (size 1 1) (thickness 0.15)) (justify mirror))
    )
    (fp_text value 220N (at 0 -1.75) (layer B.Fab)
      (effects (font (size 1 1) (thickness 0.15)) (justify mirror))
    )
    (fp_text user %R (at 0 1.5) (layer B.Fab)
      (effects (font (size 1 1) (thickness 0.15)) (justify mirror))
    )
    (fp_line (start -1 -0.62) (end -1 0.62) (layer B.Fab) (width 0.1))
    (fp_line (start 1 -0.62) (end -1 -0.62) (layer B.Fab) (width 0.1))
    (fp_line (start 1 0.62) (end 1 -0.62) (layer B.Fab) (width 0.1))
    (fp_line (start -1 0.62) (end 1 0.62) (layer B.Fab) (width 0.1))
    (fp_line (start 0.5 0.85) (end -0.5 0.85) (layer B.SilkS) (width 0.12))
    (fp_line (start -0.5 -0.85) (end 0.5 -0.85) (layer B.SilkS) (width 0.12))
    (fp_line (start -1.75 0.88) (end 1.75 0.88) (layer B.CrtYd) (width 0.05))
    (fp_line (start -1.75 0.88) (end -1.75 -0.87) (layer B.CrtYd) (width 0.05))
    (fp_line (start 1.75 -0.87) (end 1.75 0.88) (layer B.CrtYd) (width 0.05))
    (fp_line (start 1.75 -0.87) (end -1.75 -0.87) (layer B.CrtYd) (width 0.05))
    (pad 1 smd rect (at -1 0) (size 1 1.25) (layers B.Cu B.Paste B.Mask)
      (net 32 DD1))
    (pad 2 smd rect (at 1 0) (size 1 1.25) (layers B.Cu B.Paste B.Mask)
      (net 48 "Net-(C1-Pad2)"))
    (model Capacitors_SMD.3dshapes/C_0805.wrl
      (at (xyz 0 0 0))
      (scale (xyz 1 1 1))
      (rotate (xyz 0 0 0))
    )
  )

  (module Capacitors_SMD:C_0805 (layer B.Cu) (tedit 58AA8463) (tstamp 5FC9938B)
    (at 131.63 61.5)
    (descr "Capacitor SMD 0805, reflow soldering, AVX (see smccp.pdf)")
    (tags "capacitor 0805")
    (path /5EB3CA17/5EDC2F2E)
    (attr smd)
    (fp_text reference C2 (at 0 1.5) (layer B.SilkS)
      (effects (font (size 1 1) (thickness 0.15)) (justify mirror))
    )
    (fp_text value 100N (at 0 -1.75) (layer B.Fab)
      (effects (font (size 1 1) (thickness 0.15)) (justify mirror))
    )
    (fp_line (start 1.75 -0.87) (end -1.75 -0.87) (layer B.CrtYd) (width 0.05))
    (fp_line (start 1.75 -0.87) (end 1.75 0.88) (layer B.CrtYd) (width 0.05))
    (fp_line (start -1.75 0.88) (end -1.75 -0.87) (layer B.CrtYd) (width 0.05))
    (fp_line (start -1.75 0.88) (end 1.75 0.88) (layer B.CrtYd) (width 0.05))
    (fp_line (start -0.5 -0.85) (end 0.5 -0.85) (layer B.SilkS) (width 0.12))
    (fp_line (start 0.5 0.85) (end -0.5 0.85) (layer B.SilkS) (width 0.12))
    (fp_line (start -1 0.62) (end 1 0.62) (layer B.Fab) (width 0.1))
    (fp_line (start 1 0.62) (end 1 -0.62) (layer B.Fab) (width 0.1))
    (fp_line (start 1 -0.62) (end -1 -0.62) (layer B.Fab) (width 0.1))
    (fp_line (start -1 -0.62) (end -1 0.62) (layer B.Fab) (width 0.1))
    (fp_text user %R (at 0 1.5) (layer B.Fab)
      (effects (font (size 1 1) (thickness 0.15)) (justify mirror))
    )
    (pad 2 smd rect (at 1 0) (size 1 1.25) (layers B.Cu B.Paste B.Mask)
      (net 1 GND))
    (pad 1 smd rect (at -1 0) (size 1 1.25) (layers B.Cu B.Paste B.Mask)
      (net 25 +12V))
    (model Capacitors_SMD.3dshapes/C_0805.wrl
      (at (xyz 0 0 0))
      (scale (xyz 1 1 1))
      (rotate (xyz 0 0 0))
    )
  )

  (module Capacitors_SMD:C_0805 (layer B.Cu) (tedit 58AA8463) (tstamp 5FC9939C)
    (at 133.95 28.17)
    (descr "Capacitor SMD 0805, reflow soldering, AVX (see smccp.pdf)")
    (tags "capacitor 0805")
    (path /5EB3CA17/5BC90803)
    (attr smd)
    (fp_text reference C3 (at 0 1.5) (layer B.SilkS)
      (effects (font (size 1 1) (thickness 0.15)) (justify mirror))
    )
    (fp_text value 47nF (at 0 -1.75) (layer B.Fab)
      (effects (font (size 1 1) (thickness 0.15)) (justify mirror))
    )
    (fp_text user %R (at 0 1.5) (layer B.Fab)
      (effects (font (size 1 1) (thickness 0.15)) (justify mirror))
    )
    (fp_line (start -1 -0.62) (end -1 0.62) (layer B.Fab) (width 0.1))
    (fp_line (start 1 -0.62) (end -1 -0.62) (layer B.Fab) (width 0.1))
    (fp_line (start 1 0.62) (end 1 -0.62) (layer B.Fab) (width 0.1))
    (fp_line (start -1 0.62) (end 1 0.62) (layer B.Fab) (width 0.1))
    (fp_line (start 0.5 0.85) (end -0.5 0.85) (layer B.SilkS) (width 0.12))
    (fp_line (start -0.5 -0.85) (end 0.5 -0.85) (layer B.SilkS) (width 0.12))
    (fp_line (start -1.75 0.88) (end 1.75 0.88) (layer B.CrtYd) (width 0.05))
    (fp_line (start -1.75 0.88) (end -1.75 -0.87) (layer B.CrtYd) (width 0.05))
    (fp_line (start 1.75 -0.87) (end 1.75 0.88) (layer B.CrtYd) (width 0.05))
    (fp_line (start 1.75 -0.87) (end -1.75 -0.87) (layer B.CrtYd) (width 0.05))
    (pad 1 smd rect (at -1 0) (size 1 1.25) (layers B.Cu B.Paste B.Mask)
      (net 2 B2))
    (pad 2 smd rect (at 1 0) (size 1 1.25) (layers B.Cu B.Paste B.Mask)
      (net 3 "Net-(C3-Pad2)"))
    (model Capacitors_SMD.3dshapes/C_0805.wrl
      (at (xyz 0 0 0))
      (scale (xyz 1 1 1))
      (rotate (xyz 0 0 0))
    )
  )

  (module Capacitors_SMD:C_0805 (layer B.Cu) (tedit 58AA8463) (tstamp 5FC993AD)
    (at 133.96 30.47)
    (descr "Capacitor SMD 0805, reflow soldering, AVX (see smccp.pdf)")
    (tags "capacitor 0805")
    (path /5EB3CA17/5BC908F3)
    (attr smd)
    (fp_text reference C4 (at 0 1.5) (layer B.SilkS)
      (effects (font (size 1 1) (thickness 0.15)) (justify mirror))
    )
    (fp_text value 47nF (at 0 -1.75) (layer B.Fab)
      (effects (font (size 1 1) (thickness 0.15)) (justify mirror))
    )
    (fp_line (start 1.75 -0.87) (end -1.75 -0.87) (layer B.CrtYd) (width 0.05))
    (fp_line (start 1.75 -0.87) (end 1.75 0.88) (layer B.CrtYd) (width 0.05))
    (fp_line (start -1.75 0.88) (end -1.75 -0.87) (layer B.CrtYd) (width 0.05))
    (fp_line (start -1.75 0.88) (end 1.75 0.88) (layer B.CrtYd) (width 0.05))
    (fp_line (start -0.5 -0.85) (end 0.5 -0.85) (layer B.SilkS) (width 0.12))
    (fp_line (start 0.5 0.85) (end -0.5 0.85) (layer B.SilkS) (width 0.12))
    (fp_line (start -1 0.62) (end 1 0.62) (layer B.Fab) (width 0.1))
    (fp_line (start 1 0.62) (end 1 -0.62) (layer B.Fab) (width 0.1))
    (fp_line (start 1 -0.62) (end -1 -0.62) (layer B.Fab) (width 0.1))
    (fp_line (start -1 -0.62) (end -1 0.62) (layer B.Fab) (width 0.1))
    (fp_text user %R (at 0 1.5) (layer B.Fab)
      (effects (font (size 1 1) (thickness 0.15)) (justify mirror))
    )
    (pad 2 smd rect (at 1 0) (size 1 1.25) (layers B.Cu B.Paste B.Mask)
      (net 49 "Net-(C4-Pad2)"))
    (pad 1 smd rect (at -1 0) (size 1 1.25) (layers B.Cu B.Paste B.Mask)
      (net 2 B2))
    (model Capacitors_SMD.3dshapes/C_0805.wrl
      (at (xyz 0 0 0))
      (scale (xyz 1 1 1))
      (rotate (xyz 0 0 0))
    )
  )

  (module Capacitors_SMD:C_0805 (layer B.Cu) (tedit 58AA8463) (tstamp 5FC993BE)
    (at 133.92 26.11)
    (descr "Capacitor SMD 0805, reflow soldering, AVX (see smccp.pdf)")
    (tags "capacitor 0805")
    (path /5EB3CA17/5BC9091F)
    (attr smd)
    (fp_text reference C5 (at 0 1.5) (layer B.SilkS)
      (effects (font (size 1 1) (thickness 0.15)) (justify mirror))
    )
    (fp_text value 47nF (at 0 -1.75) (layer B.Fab)
      (effects (font (size 1 1) (thickness 0.15)) (justify mirror))
    )
    (fp_text user %R (at 0 1.5) (layer B.Fab)
      (effects (font (size 1 1) (thickness 0.15)) (justify mirror))
    )
    (fp_line (start -1 -0.62) (end -1 0.62) (layer B.Fab) (width 0.1))
    (fp_line (start 1 -0.62) (end -1 -0.62) (layer B.Fab) (width 0.1))
    (fp_line (start 1 0.62) (end 1 -0.62) (layer B.Fab) (width 0.1))
    (fp_line (start -1 0.62) (end 1 0.62) (layer B.Fab) (width 0.1))
    (fp_line (start 0.5 0.85) (end -0.5 0.85) (layer B.SilkS) (width 0.12))
    (fp_line (start -0.5 -0.85) (end 0.5 -0.85) (layer B.SilkS) (width 0.12))
    (fp_line (start -1.75 0.88) (end 1.75 0.88) (layer B.CrtYd) (width 0.05))
    (fp_line (start -1.75 0.88) (end -1.75 -0.87) (layer B.CrtYd) (width 0.05))
    (fp_line (start 1.75 -0.87) (end 1.75 0.88) (layer B.CrtYd) (width 0.05))
    (fp_line (start 1.75 -0.87) (end -1.75 -0.87) (layer B.CrtYd) (width 0.05))
    (pad 1 smd rect (at -1 0) (size 1 1.25) (layers B.Cu B.Paste B.Mask)
      (net 2 B2))
    (pad 2 smd rect (at 1 0) (size 1 1.25) (layers B.Cu B.Paste B.Mask)
      (net 4 "Net-(C5-Pad2)"))
    (model Capacitors_SMD.3dshapes/C_0805.wrl
      (at (xyz 0 0 0))
      (scale (xyz 1 1 1))
      (rotate (xyz 0 0 0))
    )
  )

  (module Capacitors_SMD:C_0805 (layer B.Cu) (tedit 58AA8463) (tstamp 5FC993CF)
    (at 127.44 37.78)
    (descr "Capacitor SMD 0805, reflow soldering, AVX (see smccp.pdf)")
    (tags "capacitor 0805")
    (path /5EB3CA17/5EDA30CB)
    (attr smd)
    (fp_text reference C6 (at 0 1.5) (layer B.SilkS)
      (effects (font (size 1 1) (thickness 0.15)) (justify mirror))
    )
    (fp_text value 100N (at 0 -1.75) (layer B.Fab)
      (effects (font (size 1 1) (thickness 0.15)) (justify mirror))
    )
    (fp_line (start 1.75 -0.87) (end -1.75 -0.87) (layer B.CrtYd) (width 0.05))
    (fp_line (start 1.75 -0.87) (end 1.75 0.88) (layer B.CrtYd) (width 0.05))
    (fp_line (start -1.75 0.88) (end -1.75 -0.87) (layer B.CrtYd) (width 0.05))
    (fp_line (start -1.75 0.88) (end 1.75 0.88) (layer B.CrtYd) (width 0.05))
    (fp_line (start -0.5 -0.85) (end 0.5 -0.85) (layer B.SilkS) (width 0.12))
    (fp_line (start 0.5 0.85) (end -0.5 0.85) (layer B.SilkS) (width 0.12))
    (fp_line (start -1 0.62) (end 1 0.62) (layer B.Fab) (width 0.1))
    (fp_line (start 1 0.62) (end 1 -0.62) (layer B.Fab) (width 0.1))
    (fp_line (start 1 -0.62) (end -1 -0.62) (layer B.Fab) (width 0.1))
    (fp_line (start -1 -0.62) (end -1 0.62) (layer B.Fab) (width 0.1))
    (fp_text user %R (at 0 1.5) (layer B.Fab)
      (effects (font (size 1 1) (thickness 0.15)) (justify mirror))
    )
    (pad 2 smd rect (at 1 0) (size 1 1.25) (layers B.Cu B.Paste B.Mask)
      (net 1 GND))
    (pad 1 smd rect (at -1 0) (size 1 1.25) (layers B.Cu B.Paste B.Mask)
      (net 89 "Net-(C6-Pad1)"))
    (model Capacitors_SMD.3dshapes/C_0805.wrl
      (at (xyz 0 0 0))
      (scale (xyz 1 1 1))
      (rotate (xyz 0 0 0))
    )
  )

  (module Capacitors_SMD:C_0805 (layer B.Cu) (tedit 58AA8463) (tstamp 5FC993E0)
    (at 133.94 32.58)
    (descr "Capacitor SMD 0805, reflow soldering, AVX (see smccp.pdf)")
    (tags "capacitor 0805")
    (path /5EB3CA17/5BC90A13)
    (attr smd)
    (fp_text reference C7 (at 0 1.5) (layer B.SilkS)
      (effects (font (size 1 1) (thickness 0.15)) (justify mirror))
    )
    (fp_text value 47nF (at 0 -1.75) (layer B.Fab)
      (effects (font (size 1 1) (thickness 0.15)) (justify mirror))
    )
    (fp_line (start 1.75 -0.87) (end -1.75 -0.87) (layer B.CrtYd) (width 0.05))
    (fp_line (start 1.75 -0.87) (end 1.75 0.88) (layer B.CrtYd) (width 0.05))
    (fp_line (start -1.75 0.88) (end -1.75 -0.87) (layer B.CrtYd) (width 0.05))
    (fp_line (start -1.75 0.88) (end 1.75 0.88) (layer B.CrtYd) (width 0.05))
    (fp_line (start -0.5 -0.85) (end 0.5 -0.85) (layer B.SilkS) (width 0.12))
    (fp_line (start 0.5 0.85) (end -0.5 0.85) (layer B.SilkS) (width 0.12))
    (fp_line (start -1 0.62) (end 1 0.62) (layer B.Fab) (width 0.1))
    (fp_line (start 1 0.62) (end 1 -0.62) (layer B.Fab) (width 0.1))
    (fp_line (start 1 -0.62) (end -1 -0.62) (layer B.Fab) (width 0.1))
    (fp_line (start -1 -0.62) (end -1 0.62) (layer B.Fab) (width 0.1))
    (fp_text user %R (at 0 1.5) (layer B.Fab)
      (effects (font (size 1 1) (thickness 0.15)) (justify mirror))
    )
    (pad 2 smd rect (at 1 0) (size 1 1.25) (layers B.Cu B.Paste B.Mask)
      (net 5 "Net-(C7-Pad2)"))
    (pad 1 smd rect (at -1 0) (size 1 1.25) (layers B.Cu B.Paste B.Mask)
      (net 2 B2))
    (model Capacitors_SMD.3dshapes/C_0805.wrl
      (at (xyz 0 0 0))
      (scale (xyz 1 1 1))
      (rotate (xyz 0 0 0))
    )
  )

  (module Capacitors_SMD:C_0805 (layer B.Cu) (tedit 58AA8463) (tstamp 5FC993F1)
    (at 147.02 25.33 180)
    (descr "Capacitor SMD 0805, reflow soldering, AVX (see smccp.pdf)")
    (tags "capacitor 0805")
    (path /5EB3CA17/5BC90B9E)
    (attr smd)
    (fp_text reference C8 (at 0 1.5 180) (layer B.SilkS)
      (effects (font (size 1 1) (thickness 0.15)) (justify mirror))
    )
    (fp_text value 47nF (at 0 -1.75 180) (layer B.Fab)
      (effects (font (size 1 1) (thickness 0.15)) (justify mirror))
    )
    (fp_text user %R (at 0 1.5 180) (layer B.Fab)
      (effects (font (size 1 1) (thickness 0.15)) (justify mirror))
    )
    (fp_line (start -1 -0.62) (end -1 0.62) (layer B.Fab) (width 0.1))
    (fp_line (start 1 -0.62) (end -1 -0.62) (layer B.Fab) (width 0.1))
    (fp_line (start 1 0.62) (end 1 -0.62) (layer B.Fab) (width 0.1))
    (fp_line (start -1 0.62) (end 1 0.62) (layer B.Fab) (width 0.1))
    (fp_line (start 0.5 0.85) (end -0.5 0.85) (layer B.SilkS) (width 0.12))
    (fp_line (start -0.5 -0.85) (end 0.5 -0.85) (layer B.SilkS) (width 0.12))
    (fp_line (start -1.75 0.88) (end 1.75 0.88) (layer B.CrtYd) (width 0.05))
    (fp_line (start -1.75 0.88) (end -1.75 -0.87) (layer B.CrtYd) (width 0.05))
    (fp_line (start 1.75 -0.87) (end 1.75 0.88) (layer B.CrtYd) (width 0.05))
    (fp_line (start 1.75 -0.87) (end -1.75 -0.87) (layer B.CrtYd) (width 0.05))
    (pad 1 smd rect (at -1 0 180) (size 1 1.25) (layers B.Cu B.Paste B.Mask)
