(kicad_pcb (version 20171130) (host pcbnew 5.0.2+dfsg1-1)

  (general
    (thickness 1.6)
    (drawings 37)
    (tracks 2782)
    (zones 0)
    (modules 238)
    (nets 191)
  )

  (page A4)
  (layers
    (0 F.Cu signal hide)
    (31 B.Cu signal hide)
    (32 B.Adhes user)
    (33 F.Adhes user)
    (34 B.Paste user hide)
    (35 F.Paste user)
    (36 B.SilkS user hide)
    (37 F.SilkS user)
    (38 B.Mask user hide)
    (39 F.Mask user hide)
    (40 Dwgs.User user hide)
    (41 Cmts.User user hide)
    (42 Eco1.User user hide)
    (43 Eco2.User user hide)
    (44 Edge.Cuts user)
    (45 Margin user)
    (46 B.CrtYd user hide)
    (47 F.CrtYd user hide)
    (48 B.Fab user)
    (49 F.Fab user hide)
  )

  (setup
    (last_trace_width 0.25)
    (user_trace_width 0.4)
    (user_trace_width 0.5)
    (user_trace_width 0.6)
    (user_trace_width 0.8)
    (trace_clearance 0.2)
    (zone_clearance 0.508)
    (zone_45_only no)
    (trace_min 0.2)
    (segment_width 0.2)
    (edge_width 0.15)
    (via_size 0.8)
    (via_drill 0.4)
    (via_min_size 0.4)
    (via_min_drill 0.3)
    (uvia_size 0.3)
    (uvia_drill 0.1)
    (uvias_allowed no)
    (uvia_min_size 0.2)
    (uvia_min_drill 0.1)
    (pcb_text_width 0.3)
    (pcb_text_size 1.5 1.5)
    (mod_edge_width 0.15)
    (mod_text_size 1 1)
    (mod_text_width 0.15)
    (pad_size 1.7 1.7)
    (pad_drill 1)
    (pad_to_mask_clearance 0.051)
    (solder_mask_min_width 0.25)
    (aux_axis_origin 0 0)
    (visible_elements FFFFF77F)
    (pcbplotparams
      (layerselection 0x010c0_ffffffff)
      (usegerberextensions false)
      (usegerberattributes false)
      (usegerberadvancedattributes false)
      (creategerberjobfile false)
      (excludeedgelayer true)
      (linewidth 0.050000)
      (plotframeref false)
      (viasonmask false)
      (mode 1)
      (useauxorigin false)
      (hpglpennumber 1)
      (hpglpenspeed 20)
      (hpglpendiameter 15.000000)
      (psnegative false)
      (psa4output false)
      (plotreference true)
      (plotvalue true)
      (plotinvisibletext false)
      (padsonsilk false)
      (subtractmaskfromsilk false)
      (outputformat 1)
      (mirror false)
      (drillshape 0)
      (scaleselection 1)
      (outputdirectory ""))
  )

  (net 0 "")
  (net 1 +12V)
  (net 2 GND)
  (net 3 -12V)
  (net 4 +7.5V)
  (net 5 -8V)
  (net 6 B2)
  (net 7 "Net-(C5-Pad2)")
  (net 8 "Net-(C6-Pad2)")
  (net 9 "Net-(C7-Pad2)")
  (net 10 "Net-(C8-Pad2)")
  (net 11 "Net-(C9-Pad2)")
  (net 12 "Net-(C11-Pad2)")
  (net 13 "Net-(C12-Pad2)")
  (net 14 "Net-(C14-Pad2)")
  (net 15 "Net-(C17-Pad2)")
  (net 16 B3)
  (net 17 "Net-(C18-Pad2)")
  (net 18 "Net-(C19-Pad2)")
  (net 19 "Net-(C20-Pad2)")
  (net 20 "Net-(C21-Pad2)")
  (net 21 "Net-(C22-Pad2)")
  (net 22 "Net-(C23-Pad2)")
  (net 23 "Net-(C25-Pad2)")
  (net 24 R1)
  (net 25 "Net-(C28-Pad2)")
  (net 26 "Net-(C29-Pad2)")
  (net 27 "Net-(C30-Pad2)")
  (net 28 "Net-(C31-Pad2)")
  (net 29 "Net-(C32-Pad2)")
  (net 30 "Net-(C33-Pad2)")
  (net 31 "Net-(C34-Pad2)")
  (net 32 "Net-(C34-Pad1)")
  (net 33 "Net-(C35-Pad2)")
  (net 34 "Net-(C37-Pad2)")
  (net 35 "Net-(C44-Pad1)")
  (net 36 "Net-(C44-Pad2)")
  (net 37 "Net-(C45-Pad2)")
  (net 38 "Net-(C45-Pad1)")
  (net 39 "Net-(C48-Pad1)")
  (net 40 "Net-(C48-Pad2)")
  (net 41 "Net-(C49-Pad2)")
  (net 42 "Net-(C49-Pad1)")
  (net 43 "Net-(C53-Pad1)")
  (net 44 "Net-(C53-Pad2)")
  (net 45 "Net-(C71-Pad1)")
  (net 46 "Net-(C71-Pad2)")
  (net 47 /SIGMAA/lpfout)
  (net 48 "Net-(D1-Pad1)")
  (net 49 "Net-(D2-Pad2)")
  (net 50 "Net-(D3-Pad1)")
  (net 51 "Net-(D3-Pad2)")
  (net 52 "Net-(D9-Pad1)")
  (net 53 "Net-(D10-Pad1)")
  (net 54 "Net-(D10-Pad2)")
  (net 55 /anlog/ABSOUT)
  (net 56 "Net-(D11-Pad2)")
  (net 57 "Net-(D12-Pad1)")
  (net 58 "Net-(D12-Pad2)")
  (net 59 "Net-(D13-Pad2)")
  (net 60 "Net-(D13-Pad1)")
  (net 61 OUT)
  (net 62 RR1)
  (net 63 BB3)
  (net 64 BB2)
  (net 65 BB1)
  (net 66 B1)
  (net 67 DD1)
  (net 68 VCA1)
  (net 69 VCAN1)
  (net 70 VCAA1)
  (net 71 VCA2)
  (net 72 VCAN2)
  (net 73 VCAA2)
  (net 74 VCA3)
  (net 75 VCAN3)
  (net 76 VCAA3)
  (net 77 VCA4)
  (net 78 VCAN4)
  (net 79 VCAA4)
  (net 80 SIG1)
  (net 81 SIGG1)
  (net 82 /anlog/S2O)
  (net 83 /anlog/S2I)
  (net 84 /anlog/S1O)
  (net 85 /anlog/S1I)
  (net 86 /anlog/ABSIN)
  (net 87 /anlog/DOUT2)
  (net 88 /anlog/DOUT1)
  (net 89 /anlog/DIN2)
  (net 90 /anlog/DIN1)
  (net 91 /anlog/INV4O)
  (net 92 /anlog/INV4I)
  (net 93 /anlog/INV3O)
  (net 94 /anlog/INV3I)
  (net 95 /anlog/INV2O)
  (net 96 /anlog/INV2I)
  (net 97 /anlog/INV1O)
  (net 98 /anlog/INV1I)
  (net 99 /anlog/OUTX4)
  (net 100 /anlog/X24)
  (net 101 /anlog/X14)
  (net 102 /anlog/OUTX3)
  (net 103 /anlog/X23)
  (net 104 /anlog/X13)
  (net 105 /anlog/OUTX2)
  (net 106 /anlog/X22)
  (net 107 /anlog/X12)
  (net 108 /anlog/OUTX)
  (net 109 /anlog/X2)
  (net 110 /anlog/X1)
  (net 111 /SIGMAA/data_return)
  (net 112 /SIGMAA/onebits)
  (net 113 /SIGMAA/data_out)
  (net 114 /SIGMAA/lpfin)
  (net 115 /SIGMAA/sdclk)
  (net 116 /SIGMAA/sdin)
  (net 117 "Net-(M1-Pad3)")
  (net 118 "Net-(M2-Pad3)")
  (net 119 "Net-(M3-Pad3)")
  (net 120 "Net-(M4-Pad3)")
  (net 121 "Net-(M5-Pad3)")
  (net 122 "Net-(M6-Pad3)")
  (net 123 "Net-(M7-Pad3)")
  (net 124 "Net-(M8-Pad3)")
  (net 125 "Net-(Q1-Pad1)")
  (net 126 "Net-(Q2-Pad1)")
  (net 127 "Net-(Q3-Pad2)")
  (net 128 C1)
  (net 129 C2)
  (net 130 "Net-(Q4-Pad2)")
  (net 131 "Net-(Q5-Pad2)")
  (net 132 C3)
  (net 133 C4)
  (net 134 "Net-(Q6-Pad2)")
  (net 135 "Net-(Q7-Pad2)")
  (net 136 C5)
  (net 137 "Net-(R6-Pad1)")
  (net 138 "Net-(R11-Pad1)")
  (net 139 "Net-(R15-Pad1)")
  (net 140 "Net-(R16-Pad1)")
  (net 141 "Net-(R17-Pad1)")
  (net 142 "Net-(R18-Pad1)")
  (net 143 "Net-(R19-Pad2)")
  (net 144 "Net-(R21-Pad1)")
  (net 145 "Net-(R22-Pad1)")
  (net 146 "Net-(R23-Pad1)")
  (net 147 "Net-(R24-Pad1)")
  (net 148 "Net-(R26-Pad1)")
  (net 149 "Net-(R27-Pad1)")
  (net 150 "Net-(R30-Pad1)")
  (net 151 "Net-(R31-Pad1)")
  (net 152 "Net-(R32-Pad1)")
  (net 153 "Net-(R33-Pad1)")
  (net 154 "Net-(R34-Pad1)")
  (net 155 "Net-(R35-Pad1)")
  (net 156 "Net-(R37-Pad1)")
  (net 157 "Net-(R39-Pad1)")
  (net 158 "Net-(R41-Pad2)")
  (net 159 "Net-(R43-Pad2)")
  (net 160 "Net-(R46-Pad1)")
  (net 161 "Net-(R47-Pad1)")
  (net 162 "Net-(R48-Pad1)")
  (net 163 "Net-(R50-Pad1)")
  (net 164 "Net-(R52-Pad1)")
  (net 165 "Net-(R53-Pad1)")
  (net 166 "Net-(R54-Pad1)")
  (net 167 "Net-(R55-Pad1)")
  (net 168 "Net-(R57-Pad2)")
  (net 169 "Net-(R59-Pad2)")
  (net 170 "Net-(R62-Pad1)")
  (net 171 "Net-(R64-Pad2)")
  (net 172 "Net-(R65-Pad2)")
  (net 173 "Net-(R67-Pad2)")
  (net 174 "Net-(R68-Pad2)")
  (net 175 "Net-(R68-Pad1)")
  (net 176 "Net-(R69-Pad1)")
  (net 177 "Net-(R72-Pad2)")
  (net 178 "Net-(R73-Pad1)")
  (net 179 "Net-(R74-Pad2)")
  (net 180 "Net-(R75-Pad2)")
  (net 181 "Net-(R76-Pad2)")
  (net 182 "Net-(R83-Pad2)")
  (net 183 "Net-(R85-Pad2)")
  (net 184 "Net-(R86-Pad2)")
  (net 185 "Net-(R89-Pad2)")
  (net 186 "Net-(R102-Pad2)")
  (net 187 "Net-(R105-Pad1)")
  (net 188 /bintic/C1)
  (net 189 /bintic/C2)
  (net 190 /bintic/C3)

  (net_class Default "This is the default net class."
    (clearance 0.2)
    (trace_width 0.25)
    (via_dia 0.8)
    (via_drill 0.4)
    (uvia_dia 0.3)
    (uvia_drill 0.1)
    (add_net +12V)
    (add_net +7.5V)
    (add_net -12V)
    (add_net -8V)
    (add_net /SIGMAA/data_out)
    (add_net /SIGMAA/data_return)
    (add_net /SIGMAA/lpfin)
    (add_net /SIGMAA/lpfout)
    (add_net /SIGMAA/onebits)
    (add_net /SIGMAA/sdclk)
    (add_net /SIGMAA/sdin)
    (add_net /anlog/ABSIN)
    (add_net /anlog/ABSOUT)
    (add_net /anlog/DIN1)
    (add_net /anlog/DIN2)
    (add_net /anlog/DOUT1)
    (add_net /anlog/DOUT2)
    (add_net /anlog/INV1I)
    (add_net /anlog/INV1O)
    (add_net /anlog/INV2I)
    (add_net /anlog/INV2O)
    (add_net /anlog/INV3I)
    (add_net /anlog/INV3O)
    (add_net /anlog/INV4I)
    (add_net /anlog/INV4O)
    (add_net /anlog/OUTX)
    (add_net /anlog/OUTX2)
    (add_net /anlog/OUTX3)
    (add_net /anlog/OUTX4)
    (add_net /anlog/S1I)
    (add_net /anlog/S1O)
    (add_net /anlog/S2I)
    (add_net /anlog/S2O)
    (add_net /anlog/X1)
    (add_net /anlog/X12)
    (add_net /anlog/X13)
    (add_net /anlog/X14)
    (add_net /anlog/X2)
    (add_net /anlog/X22)
    (add_net /anlog/X23)
    (add_net /anlog/X24)
    (add_net /bintic/C1)
    (add_net /bintic/C2)
    (add_net /bintic/C3)
    (add_net B1)
    (add_net B2)
    (add_net B3)
    (add_net BB1)
    (add_net BB2)
    (add_net BB3)
    (add_net C1)
    (add_net C2)
    (add_net C3)
    (add_net C4)
    (add_net C5)
    (add_net DD1)
    (add_net GND)
    (add_net "Net-(C11-Pad2)")
    (add_net "Net-(C12-Pad2)")
    (add_net "Net-(C14-Pad2)")
    (add_net "Net-(C17-Pad2)")
    (add_net "Net-(C18-Pad2)")
    (add_net "Net-(C19-Pad2)")
    (add_net "Net-(C20-Pad2)")
    (add_net "Net-(C21-Pad2)")
    (add_net "Net-(C22-Pad2)")
    (add_net "Net-(C23-Pad2)")
    (add_net "Net-(C25-Pad2)")
    (add_net "Net-(C28-Pad2)")
    (add_net "Net-(C29-Pad2)")
    (add_net "Net-(C30-Pad2)")
    (add_net "Net-(C31-Pad2)")
    (add_net "Net-(C32-Pad2)")
    (add_net "Net-(C33-Pad2)")
    (add_net "Net-(C34-Pad1)")
    (add_net "Net-(C34-Pad2)")
    (add_net "Net-(C35-Pad2)")
    (add_net "Net-(C37-Pad2)")
    (add_net "Net-(C44-Pad1)")
    (add_net "Net-(C44-Pad2)")
    (add_net "Net-(C45-Pad1)")
    (add_net "Net-(C45-Pad2)")
    (add_net "Net-(C48-Pad1)")
    (add_net "Net-(C48-Pad2)")
    (add_net "Net-(C49-Pad1)")
    (add_net "Net-(C49-Pad2)")
    (add_net "Net-(C5-Pad2)")
    (add_net "Net-(C53-Pad1)")
    (add_net "Net-(C53-Pad2)")
    (add_net "Net-(C6-Pad2)")
    (add_net "Net-(C7-Pad2)")
    (add_net "Net-(C71-Pad1)")
    (add_net "Net-(C71-Pad2)")
    (add_net "Net-(C8-Pad2)")
    (add_net "Net-(C9-Pad2)")
    (add_net "Net-(D1-Pad1)")
    (add_net "Net-(D10-Pad1)")
    (add_net "Net-(D10-Pad2)")
    (add_net "Net-(D11-Pad2)")
    (add_net "Net-(D12-Pad1)")
    (add_net "Net-(D12-Pad2)")
    (add_net "Net-(D13-Pad1)")
    (add_net "Net-(D13-Pad2)")
    (add_net "Net-(D2-Pad2)")
    (add_net "Net-(D3-Pad1)")
    (add_net "Net-(D3-Pad2)")
    (add_net "Net-(D9-Pad1)")
    (add_net "Net-(M1-Pad3)")
    (add_net "Net-(M2-Pad3)")
    (add_net "Net-(M3-Pad3)")
    (add_net "Net-(M4-Pad3)")
    (add_net "Net-(M5-Pad3)")
    (add_net "Net-(M6-Pad3)")
    (add_net "Net-(M7-Pad3)")
    (add_net "Net-(M8-Pad3)")
    (add_net "Net-(Q1-Pad1)")
    (add_net "Net-(Q2-Pad1)")
    (add_net "Net-(Q3-Pad2)")
    (add_net "Net-(Q4-Pad2)")
    (add_net "Net-(Q5-Pad2)")
    (add_net "Net-(Q6-Pad2)")
    (add_net "Net-(Q7-Pad2)")
    (add_net "Net-(R102-Pad2)")
    (add_net "Net-(R105-Pad1)")
    (add_net "Net-(R11-Pad1)")
    (add_net "Net-(R15-Pad1)")
    (add_net "Net-(R16-Pad1)")
    (add_net "Net-(R17-Pad1)")
    (add_net "Net-(R18-Pad1)")
    (add_net "Net-(R19-Pad2)")
    (add_net "Net-(R21-Pad1)")
    (add_net "Net-(R22-Pad1)")
    (add_net "Net-(R23-Pad1)")
    (add_net "Net-(R24-Pad1)")
    (add_net "Net-(R26-Pad1)")
    (add_net "Net-(R27-Pad1)")
    (add_net "Net-(R30-Pad1)")
    (add_net "Net-(R31-Pad1)")
    (add_net "Net-(R32-Pad1)")
    (add_net "Net-(R33-Pad1)")
    (add_net "Net-(R34-Pad1)")
    (add_net "Net-(R35-Pad1)")
    (add_net "Net-(R37-Pad1)")
    (add_net "Net-(R39-Pad1)")
    (add_net "Net-(R41-Pad2)")
    (add_net "Net-(R43-Pad2)")
    (add_net "Net-(R46-Pad1)")
    (add_net "Net-(R47-Pad1)")
    (add_net "Net-(R48-Pad1)")
    (add_net "Net-(R50-Pad1)")
    (add_net "Net-(R52-Pad1)")
    (add_net "Net-(R53-Pad1)")
    (add_net "Net-(R54-Pad1)")
    (add_net "Net-(R55-Pad1)")
    (add_net "Net-(R57-Pad2)")
    (add_net "Net-(R59-Pad2)")
    (add_net "Net-(R6-Pad1)")
    (add_net "Net-(R62-Pad1)")
    (add_net "Net-(R64-Pad2)")
    (add_net "Net-(R65-Pad2)")
    (add_net "Net-(R67-Pad2)")
    (add_net "Net-(R68-Pad1)")
    (add_net "Net-(R68-Pad2)")
    (add_net "Net-(R69-Pad1)")
    (add_net "Net-(R72-Pad2)")
    (add_net "Net-(R73-Pad1)")
    (add_net "Net-(R74-Pad2)")
    (add_net "Net-(R75-Pad2)")
    (add_net "Net-(R76-Pad2)")
    (add_net "Net-(R83-Pad2)")
    (add_net "Net-(R85-Pad2)")
    (add_net "Net-(R86-Pad2)")
    (add_net "Net-(R89-Pad2)")
    (add_net OUT)
    (add_net R1)
    (add_net RR1)
    (add_net SIG1)
    (add_net SIGG1)
    (add_net VCA1)
    (add_net VCA2)
    (add_net VCA3)
    (add_net VCA4)
    (add_net VCAA1)
    (add_net VCAA2)
    (add_net VCAA3)
    (add_net VCAA4)
    (add_net VCAN1)
    (add_net VCAN2)
    (add_net VCAN3)
    (add_net VCAN4)
  )

  (module SMD_Packages:SMD-1206_Pol (layer F.Cu) (tedit 0) (tstamp 60A37015)
    (at 67.574 85.3 180)
    (path /6066353E/5C3AA4AB)
    (attr smd)
    (fp_text reference C1 (at 0 0 180) (layer F.SilkS)
      (effects (font (size 1 1) (thickness 0.15)))
    )
    (fp_text value 10u (at 0 0 180) (layer F.Fab)
      (effects (font (size 1 1) (thickness 0.15)))
    )
    (fp_line (start -2.54 -1.143) (end -2.794 -1.143) (layer F.SilkS) (width 0.15))
    (fp_line (start -2.794 -1.143) (end -2.794 1.143) (layer F.SilkS) (width 0.15))
    (fp_line (start -2.794 1.143) (end -2.54 1.143) (layer F.SilkS) (width 0.15))
    (fp_line (start -2.54 -1.143) (end -2.54 1.143) (layer F.SilkS) (width 0.15))
    (fp_line (start -2.54 1.143) (end -0.889 1.143) (layer F.SilkS) (width 0.15))
    (fp_line (start 0.889 -1.143) (end 2.54 -1.143) (layer F.SilkS) (width 0.15))
    (fp_line (start 2.54 -1.143) (end 2.54 1.143) (layer F.SilkS) (width 0.15))
    (fp_line (start 2.54 1.143) (end 0.889 1.143) (layer F.SilkS) (width 0.15))
    (fp_line (start -0.889 -1.143) (end -2.54 -1.143) (layer F.SilkS) (width 0.15))
    (pad 1 smd rect (at -1.651 0 180) (size 1.524 2.032) (layers F.Cu F.Paste F.Mask)
      (net 1 +12V))
    (pad 2 smd rect (at 1.651 0 180) (size 1.524 2.032) (layers F.Cu F.Paste F.Mask)
      (net 2 GND))
    (model SMD_Packages.3dshapes/SMD-1206_Pol.wrl
      (at (xyz 0 0 0))
      (scale (xyz 0.17 0.16 0.16))
      (rotate (xyz 0 0 0))
    )
  )

  (module SMD_Packages:SMD-1206_Pol (layer F.Cu) (tedit 0) (tstamp 60A37024)
    (at 67.704 89.75)
    (path /6066353E/5C3AA4B4)
    (attr smd)
    (fp_text reference C2 (at 0 0) (layer F.SilkS)
      (effects (font (size 1 1) (thickness 0.15)))
    )
    (fp_text value 10u (at 0 0) (layer F.Fab)
      (effects (font (size 1 1) (thickness 0.15)))
    )
    (fp_line (start -0.889 -1.143) (end -2.54 -1.143) (layer F.SilkS) (width 0.15))
    (fp_line (start 2.54 1.143) (end 0.889 1.143) (layer F.SilkS) (width 0.15))
    (fp_line (start 2.54 -1.143) (end 2.54 1.143) (layer F.SilkS) (width 0.15))
    (fp_line (start 0.889 -1.143) (end 2.54 -1.143) (layer F.SilkS) (width 0.15))
    (fp_line (start -2.54 1.143) (end -0.889 1.143) (layer F.SilkS) (width 0.15))
    (fp_line (start -2.54 -1.143) (end -2.54 1.143) (layer F.SilkS) (width 0.15))
    (fp_line (start -2.794 1.143) (end -2.54 1.143) (layer F.SilkS) (width 0.15))
    (fp_line (start -2.794 -1.143) (end -2.794 1.143) (layer F.SilkS) (width 0.15))
    (fp_line (start -2.54 -1.143) (end -2.794 -1.143) (layer F.SilkS) (width 0.15))
    (pad 2 smd rect (at 1.651 0) (size 1.524 2.032) (layers F.Cu F.Paste F.Mask)
      (net 3 -12V))
    (pad 1 smd rect (at -1.651 0) (size 1.524 2.032) (layers F.Cu F.Paste F.Mask)
      (net 2 GND))
    (model SMD_Packages.3dshapes/SMD-1206_Pol.wrl
      (at (xyz 0 0 0))
      (scale (xyz 0.17 0.16 0.16))
      (rotate (xyz 0 0 0))
    )
  )

  (module Capacitors_SMD:C_0805 (layer F.Cu) (tedit 58AA8463) (tstamp 60A37035)
    (at 91.625 68.275 180)
    (descr "Capacitor SMD 0805, reflow soldering, AVX (see smccp.pdf)")
    (tags "capacitor 0805")
    (path /60663579/5C088EE0)
    (attr smd)
    (fp_text reference C3 (at 0 -1.5 180) (layer F.SilkS)
      (effects (font (size 1 1) (thickness 0.15)))
    )
    (fp_text value 100nF (at 0 1.75 180) (layer F.Fab)
      (effects (font (size 1 1) (thickness 0.15)))
    )
    (fp_line (start 1.75 0.87) (end -1.75 0.87) (layer F.CrtYd) (width 0.05))
    (fp_line (start 1.75 0.87) (end 1.75 -0.88) (layer F.CrtYd) (width 0.05))
    (fp_line (start -1.75 -0.88) (end -1.75 0.87) (layer F.CrtYd) (width 0.05))
    (fp_line (start -1.75 -0.88) (end 1.75 -0.88) (layer F.CrtYd) (width 0.05))
    (fp_line (start -0.5 0.85) (end 0.5 0.85) (layer F.SilkS) (width 0.12))
    (fp_line (start 0.5 -0.85) (end -0.5 -0.85) (layer F.SilkS) (width 0.12))
    (fp_line (start -1 -0.62) (end 1 -0.62) (layer F.Fab) (width 0.1))
    (fp_line (start 1 -0.62) (end 1 0.62) (layer F.Fab) (width 0.1))
    (fp_line (start 1 0.62) (end -1 0.62) (layer F.Fab) (width 0.1))
    (fp_line (start -1 0.62) (end -1 -0.62) (layer F.Fab) (width 0.1))
    (fp_text user %R (at 0 -1.5 180) (layer F.Fab)
      (effects (font (size 1 1) (thickness 0.15)))
    )
    (pad 2 smd rect (at 1 0 180) (size 1 1.25) (layers F.Cu F.Paste F.Mask)
      (net 2 GND))
    (pad 1 smd rect (at -1 0 180) (size 1 1.25) (layers F.Cu F.Paste F.Mask)
      (net 4 +7.5V))
    (model Capacitors_SMD.3dshapes/C_0805.wrl
      (at (xyz 0 0 0))
      (scale (xyz 1 1 1))
      (rotate (xyz 0 0 0))
    )
  )

  (module Capacitors_SMD:C_0805 (layer F.Cu) (tedit 58AA8463) (tstamp 60A37046)
    (at 96.775 68.3 180)
    (descr "Capacitor SMD 0805, reflow soldering, AVX (see smccp.pdf)")
    (tags "capacitor 0805")
    (path /60663579/5C06B12A)
    (attr smd)
    (fp_text reference C4 (at -1.5 -1.575 180) (layer F.SilkS)
      (effects (font (size 1 1) (thickness 0.15)))
    )
    (fp_text value 100nF (at 0 1.75 180) (layer F.Fab)
      (effects (font (size 1 1) (thickness 0.15)))
    )
    (fp_text user %R (at 0 -1.5 180) (layer F.Fab)
      (effects (font (size 1 1) (thickness 0.15)))
    )
    (fp_line (start -1 0.62) (end -1 -0.62) (layer F.Fab) (width 0.1))
    (fp_line (start 1 0.62) (end -1 0.62) (layer F.Fab) (width 0.1))
    (fp_line (start 1 -0.62) (end 1 0.62) (layer F.Fab) (width 0.1))
    (fp_line (start -1 -0.62) (end 1 -0.62) (layer F.Fab) (width 0.1))
    (fp_line (start 0.5 -0.85) (end -0.5 -0.85) (layer F.SilkS) (width 0.12))
    (fp_line (start -0.5 0.85) (end 0.5 0.85) (layer F.SilkS) (width 0.12))
    (fp_line (start -1.75 -0.88) (end 1.75 -0.88) (layer F.CrtYd) (width 0.05))
    (fp_line (start -1.75 -0.88) (end -1.75 0.87) (layer F.CrtYd) (width 0.05))
    (fp_line (start 1.75 0.87) (end 1.75 -0.88) (layer F.CrtYd) (width 0.05))
    (fp_line (start 1.75 0.87) (end -1.75 0.87) (layer F.CrtYd) (width 0.05))
    (pad 1 smd rect (at -1 0 180) (size 1 1.25) (layers F.Cu F.Paste F.Mask)
      (net 5 -8V))
    (pad 2 smd rect (at 1 0 180) (size 1 1.25) (layers F.Cu F.Paste F.Mask)
      (net 2 GND))
    (model Capacitors_SMD.3dshapes/C_0805.wrl
      (at (xyz 0 0 0))
      (scale (xyz 1 1 1))
      (rotate (xyz 0 0 0))
    )
  )

  (module Capacitors_SMD:C_0805 (layer F.Cu) (tedit 58AA8463) (tstamp 60A37057)
    (at 72 48.525)
    (descr "Capacitor SMD 0805, reflow soldering, AVX (see smccp.pdf)")
    (tags "capacitor 0805")
    (path /60663579/5BC90803)
    (attr smd)
    (fp_text reference C5 (at 0 -1.5) (layer F.SilkS)
      (effects (font (size 1 1) (thickness 0.15)))
    )
    (fp_text value 47nF (at 0 1.75) (layer F.Fab)
      (effects (font (size 1 1) (thickness 0.15)))
    )
    (fp_text user %R (at 0 -1.5) (layer F.Fab)
      (effects (font (size 1 1) (thickness 0.15)))
    )
    (fp_line (start -1 0.62) (end -1 -0.62) (layer F.Fab) (width 0.1))
    (fp_line (start 1 0.62) (end -1 0.62) (layer F.Fab) (width 0.1))
    (fp_line (start 1 -0.62) (end 1 0.62) (layer F.Fab) (width 0.1))
    (fp_line (start -1 -0.62) (end 1 -0.62) (layer F.Fab) (width 0.1))
    (fp_line (start 0.5 -0.85) (end -0.5 -0.85) (layer F.SilkS) (width 0.12))
    (fp_line (start -0.5 0.85) (end 0.5 0.85) (layer F.SilkS) (width 0.12))
    (fp_line (start -1.75 -0.88) (end 1.75 -0.88) (layer F.CrtYd) (width 0.05))
    (fp_line (start -1.75 -0.88) (end -1.75 0.87) (layer F.CrtYd) (width 0.05))
    (fp_line (start 1.75 0.87) (end 1.75 -0.88) (layer F.CrtYd) (width 0.05))
    (fp_line (start 1.75 0.87) (end -1.75 0.87) (layer F.CrtYd) (width 0.05))
    (pad 1 smd rect (at -1 0) (size 1 1.25) (layers F.Cu F.Paste F.Mask)
      (net 6 B2))
    (pad 2 smd rect (at 1 0) (size 1 1.25) (layers F.Cu F.Paste F.Mask)
      (net 7 "Net-(C5-Pad2)"))
    (model Capacitors_SMD.3dshapes/C_0805.wrl
      (at (xyz 0 0 0))
      (scale (xyz 1 1 1))
      (rotate (xyz 0 0 0))
    )
  )

  (module Capacitors_SMD:C_0805 (layer F.Cu) (tedit 58AA8463) (tstamp 60A37068)
    (at 72.025 50.625)
    (descr "Capacitor SMD 0805, reflow soldering, AVX (see smccp.pdf)")
    (tags "capacitor 0805")
    (path /60663579/5BC908F3)
    (attr smd)
    (fp_text reference C6 (at 0.2 1.95) (layer F.SilkS)
      (effects (font (size 1 1) (thickness 0.15)))
    )
    (fp_text value 47nF (at 0 1.75) (layer F.Fab)
      (effects (font (size 1 1) (thickness 0.15)))
    )
    (fp_line (start 1.75 0.87) (end -1.75 0.87) (layer F.CrtYd) (width 0.05))
    (fp_line (start 1.75 0.87) (end 1.75 -0.88) (layer F.CrtYd) (width 0.05))
    (fp_line (start -1.75 -0.88) (end -1.75 0.87) (layer F.CrtYd) (width 0.05))
    (fp_line (start -1.75 -0.88) (end 1.75 -0.88) (layer F.CrtYd) (width 0.05))
    (fp_line (start -0.5 0.85) (end 0.5 0.85) (layer F.SilkS) (width 0.12))
    (fp_line (start 0.5 -0.85) (end -0.5 -0.85) (layer F.SilkS) (width 0.12))
    (fp_line (start -1 -0.62) (end 1 -0.62) (layer F.Fab) (width 0.1))
    (fp_line (start 1 -0.62) (end 1 0.62) (layer F.Fab) (width 0.1))
    (fp_line (start 1 0.62) (end -1 0.62) (layer F.Fab) (width 0.1))
    (fp_line (start -1 0.62) (end -1 -0.62) (layer F.Fab) (width 0.1))
    (fp_text user %R (at 0 -1.5) (layer F.Fab)
      (effects (font (size 1 1) (thickness 0.15)))
    )
    (pad 2 smd rect (at 1 0) (size 1 1.25) (layers F.Cu F.Paste F.Mask)
      (net 8 "Net-(C6-Pad2)"))
    (pad 1 smd rect (at -1 0) (size 1 1.25) (layers F.Cu F.Paste F.Mask)
      (net 6 B2))
    (model Capacitors_SMD.3dshapes/C_0805.wrl
      (at (xyz 0 0 0))
      (scale (xyz 1 1 1))
      (rotate (xyz 0 0 0))
    )
  )

  (module Capacitors_SMD:C_0805 (layer F.Cu) (tedit 58AA8463) (tstamp 60A37079)
    (at 75.925 48.55 180)
    (descr "Capacitor SMD 0805, reflow soldering, AVX (see smccp.pdf)")
    (tags "capacitor 0805")
    (path /60663579/5BC9091F)
    (attr smd)
    (fp_text reference C7 (at 0 -1.5 180) (layer F.SilkS)
      (effects (font (size 1 1) (thickness 0.15)))
    )
    (fp_text value 47nF (at 0 1.75 180) (layer F.Fab)
      (effects (font (size 1 1) (thickness 0.15)))
    )
    (fp_text user %R (at 0 -1.5 180) (layer F.Fab)
      (effects (font (size 1 1) (thickness 0.15)))
    )
    (fp_line (start -1 0.62) (end -1 -0.62) (layer F.Fab) (width 0.1))
    (fp_line (start 1 0.62) (end -1 0.62) (layer F.Fab) (width 0.1))
    (fp_line (start 1 -0.62) (end 1 0.62) (layer F.Fab) (width 0.1))
    (fp_line (start -1 -0.62) (end 1 -0.62) (layer F.Fab) (width 0.1))
    (fp_line (start 0.5 -0.85) (end -0.5 -0.85) (layer F.SilkS) (width 0.12))
    (fp_line (start -0.5 0.85) (end 0.5 0.85) (layer F.SilkS) (width 0.12))
    (fp_line (start -1.75 -0.88) (end 1.75 -0.88) (layer F.CrtYd) (width 0.05))
    (fp_line (start -1.75 -0.88) (end -1.75 0.87) (layer F.CrtYd) (width 0.05))
    (fp_line (start 1.75 0.87) (end 1.75 -0.88) (layer F.CrtYd) (width 0.05))
    (fp_line (start 1.75 0.87) (end -1.75 0.87) (layer F.CrtYd) (width 0.05))
    (pad 1 smd rect (at -1 0 180) (size 1 1.25) (layers F.Cu F.Paste F.Mask)
      (net 6 B2))
    (pad 2 smd rect (at 1 0 180) (size 1 1.25) (layers F.Cu F.Paste F.Mask)
      (net 9 "Net-(C7-Pad2)"))
    (model Capacitors_SMD.3dshapes/C_0805.wrl
      (at (xyz 0 0 0))
      (scale (xyz 1 1 1))
      (rotate (xyz 0 0 0))
    )
  )

  (module Capacitors_SMD:C_0805 (layer F.Cu) (tedit 58AA8463) (tstamp 60A3708A)
    (at 68.075 48.6 180)
    (descr "Capacitor SMD 0805, reflow soldering, AVX (see smccp.pdf)")
    (tags "capacitor 0805")
    (path /60663579/5BC90A13)
    (attr smd)
    (fp_text reference C8 (at 0 -1.5 180) (layer F.SilkS)
      (effects (font (size 1 1) (thickness 0.15)))
    )
    (fp_text value 47nF (at 0 1.75 180) (layer F.Fab)
      (effects (font (size 1 1) (thickness 0.15)))
    )
    (fp_text user %R (at 0 -1.5 180) (layer F.Fab)
      (effects (font (size 1 1) (thickness 0.15)))
    )
    (fp_line (start -1 0.62) (end -1 -0.62) (layer F.Fab) (width 0.1))
    (fp_line (start 1 0.62) (end -1 0.62) (layer F.Fab) (width 0.1))
    (fp_line (start 1 -0.62) (end 1 0.62) (layer F.Fab) (width 0.1))
    (fp_line (start -1 -0.62) (end 1 -0.62) (layer F.Fab) (width 0.1))
    (fp_line (start 0.5 -0.85) (end -0.5 -0.85) (layer F.SilkS) (width 0.12))
    (fp_line (start -0.5 0.85) (end 0.5 0.85) (layer F.SilkS) (width 0.12))
    (fp_line (start -1.75 -0.88) (end 1.75 -0.88) (layer F.CrtYd) (width 0.05))
    (fp_line (start -1.75 -0.88) (end -1.75 0.87) (layer F.CrtYd) (width 0.05))
    (fp_line (start 1.75 0.87) (end 1.75 -0.88) (layer F.CrtYd) (width 0.05))
    (fp_line (start 1.75 0.87) (end -1.75 0.87) (layer F.CrtYd) (width 0.05))
    (pad 1 smd rect (at -1 0 180) (size 1 1.25) (layers F.Cu F.Paste F.Mask)
      (net 6 B2))
    (pad 2 smd rect (at 1 0 180) (size 1 1.25) (layers F.Cu F.Paste F.Mask)
      (net 10 "Net-(C8-Pad2)"))
    (model Capacitors_SMD.3dshapes/C_0805.wrl
      (at (xyz 0 0 0))
      (scale (xyz 1 1 1))
      (rotate (xyz 0 0 0))
    )
  )

  (module Capacitors_SMD:C_0805 (layer F.Cu) (tedit 58AA8463) (tstamp 60A3709B)
    (at 75.225 36.625)
    (descr "Capacitor SMD 0805, reflow soldering, AVX (see smccp.pdf)")
    (tags "capacitor 0805")
    (path /60663579/5BC90B9E)
    (attr smd)
    (fp_text reference C9 (at 0 -1.5) (layer F.SilkS)
      (effects (font (size 1 1) (thickness 0.15)))
    )
    (fp_text value 47nF (at 0 1.75) (layer F.Fab)
      (effects (font (size 1 1) (thickness 0.15)))
    )
    (fp_text user %R (at 0 -1.5) (layer F.Fab)
      (effects (font (size 1 1) (thickness 0.15)))
    )
    (fp_line (start -1 0.62) (end -1 -0.62) (layer F.Fab) (width 0.1))
    (fp_line (start 1 0.62) (end -1 0.62) (layer F.Fab) (width 0.1))
    (fp_line (start 1 -0.62) (end 1 0.62) (layer F.Fab) (width 0.1))
    (fp_line (start -1 -0.62) (end 1 -0.62) (layer F.Fab) (width 0.1))
    (fp_line (start 0.5 -0.85) (end -0.5 -0.85) (layer F.SilkS) (width 0.12))
    (fp_line (start -0.5 0.85) (end 0.5 0.85) (layer F.SilkS) (width 0.12))
    (fp_line (start -1.75 -0.88) (end 1.75 -0.88) (layer F.CrtYd) (width 0.05))
    (fp_line (start -1.75 -0.88) (end -1.75 0.87) (layer F.CrtYd) (width 0.05))
    (fp_line (start 1.75 0.87) (end 1.75 -0.88) (layer F.CrtYd) (width 0.05))
    (fp_line (start 1.75 0.87) (end -1.75 0.87) (layer F.CrtYd) (width 0.05))
    (pad 1 smd rect (at -1 0) (size 1 1.25) (layers F.Cu F.Paste F.Mask)
      (net 6 B2))
    (pad 2 smd rect (at 1 0) (size 1 1.25) (layers F.Cu F.Paste F.Mask)
      (net 11 "Net-(C9-Pad2)"))
    (model Capacitors_SMD.3dshapes/C_0805.wrl
      (at (xyz 0 0 0))
      (scale (xyz 1 1 1))
      (rotate (xyz 0 0 0))
    )
  )

  (module Capacitors_SMD:C_0805 (layer F.Cu) (tedit 58AA8463) (tstamp 60A370AC)
    (at 78.4 56.6 180)
    (descr "Capacitor SMD 0805, reflow soldering, AVX (see smccp.pdf)")
    (tags "capacitor 0805")
    (path /60663579/5EDC2F2E)
    (attr smd)
    (fp_text reference C10 (at 0 -1.5 180) (layer F.SilkS)
      (effects (font (size 1 1) (thickness 0.15)))
    )
    (fp_text value 100N (at 0 1.75 180) (layer F.Fab)
      (effects (font (size 1 1) (thickness 0.15)))
    )
    (fp_line (start 1.75 0.87) (end -1.75 0.87) (layer F.CrtYd) (width 0.05))
    (fp_line (start 1.75 0.87) (end 1.75 -0.88) (layer F.CrtYd) (width 0.05))
    (fp_line (start -1.75 -0.88) (end -1.75 0.87) (layer F.CrtYd) (width 0.05))
    (fp_line (start -1.75 -0.88) (end 1.75 -0.88) (layer F.CrtYd) (width 0.05))
    (fp_line (start -0.5 0.85) (end 0.5 0.85) (layer F.SilkS) (width 0.12))
    (fp_line (start 0.5 -0.85) (end -0.5 -0.85) (layer F.SilkS) (width 0.12))
    (fp_line (start -1 -0.62) (end 1 -0.62) (layer F.Fab) (width 0.1))
    (fp_line (start 1 -0.62) (end 1 0.62) (layer F.Fab) (width 0.1))
    (fp_line (start 1 0.62) (end -1 0.62) (layer F.Fab) (width 0.1))
    (fp_line (start -1 0.62) (end -1 -0.62) (layer F.Fab) (width 0.1))
    (fp_text user %R (at 0 -1.5 180) (layer F.Fab)
      (effects (font (size 1 1) (thickness 0.15)))
    )
    (pad 2 smd rect (at 1 0 180) (size 1 1.25) (layers F.Cu F.Paste F.Mask)
      (net 2 GND))
    (pad 1 smd rect (at -1 0 180) (size 1 1.25) (layers F.Cu F.Paste F.Mask)
      (net 4 +7.5V))
    (model Capacitors_SMD.3dshapes/C_0805.wrl
      (at (xyz 0 0 0))
      (scale (xyz 1 1 1))
      (rotate (xyz 0 0 0))
    )
  )

  (module Capacitors_SMD:C_0805 (layer F.Cu) (tedit 58AA8463) (tstamp 60A370BD)
    (at 71.5 36.675 180)
    (descr "Capacitor SMD 0805, reflow soldering, AVX (see smccp.pdf)")
    (tags "capacitor 0805")
    (path /60663579/5BC90BA5)
    (attr smd)
    (fp_text reference C11 (at 0 -1.5 180) (layer F.SilkS)
      (effects (font (size 1 1) (thickness 0.15)))
    )
    (fp_text value 47nF (at 0 1.75 180) (layer F.Fab)
      (effects (font (size 1 1) (thickness 0.15)))
    )
    (fp_line (start 1.75 0.87) (end -1.75 0.87) (layer F.CrtYd) (width 0.05))
    (fp_line (start 1.75 0.87) (end 1.75 -0.88) (layer F.CrtYd) (width 0.05))
    (fp_line (start -1.75 -0.88) (end -1.75 0.87) (layer F.CrtYd) (width 0.05))
    (fp_line (start -1.75 -0.88) (end 1.75 -0.88) (layer F.CrtYd) (width 0.05))
    (fp_line (start -0.5 0.85) (end 0.5 0.85) (layer F.SilkS) (width 0.12))
    (fp_line (start 0.5 -0.85) (end -0.5 -0.85) (layer F.SilkS) (width 0.12))
    (fp_line (start -1 -0.62) (end 1 -0.62) (layer F.Fab) (width 0.1))
    (fp_line (start 1 -0.62) (end 1 0.62) (layer F.Fab) (width 0.1))
    (fp_line (start 1 0.62) (end -1 0.62) (layer F.Fab) (width 0.1))
    (fp_line (start -1 0.62) (end -1 -0.62) (layer F.Fab) (width 0.1))
    (fp_text user %R (at 0 -1.5 180) (layer F.Fab)
      (effects (font (size 1 1) (thickness 0.15)))
    )
    (pad 2 smd rect (at 1 0 180) (size 1 1.25) (layers F.Cu F.Paste F.Mask)
      (net 12 "Net-(C11-Pad2)"))
    (pad 1 smd rect (at -1 0 180) (size 1 1.25) (layers F.Cu F.Paste F.Mask)
      (net 6 B2))
    (model Capacitors_SMD.3dshapes/C_0805.wrl
      (at (xyz 0 0 0))
      (scale (xyz 1 1 1))
      (rotate (xyz 0 0 0))
    )
  )

  (module Capacitors_SMD:C_0805 (layer F.Cu) (tedit 58AA8463) (tstamp 60A370CE)
    (at 71.35 33.675 180)
    (descr "Capacitor SMD 0805, reflow soldering, AVX (see smccp.pdf)")
    (tags "capacitor 0805")
    (path /60663579/5BC90BAC)
    (attr smd)
    (fp_text reference C12 (at 0 -1.5 180) (layer F.SilkS)
      (effects (font (size 1 1) (thickness 0.15)))
    )
    (fp_text value 47nF (at 0 1.75 180) (layer F.Fab)
      (effects (font (size 1 1) (thickness 0.15)))
    )
    (fp_text user %R (at 0 -1.5 180) (layer F.Fab)
      (effects (font (size 1 1) (thickness 0.15)))
    )
    (fp_line (start -1 0.62) (end -1 -0.62) (layer F.Fab) (width 0.1))
    (fp_line (start 1 0.62) (end -1 0.62) (layer F.Fab) (width 0.1))
    (fp_line (start 1 -0.62) (end 1 0.62) (layer F.Fab) (width 0.1))
    (fp_line (start -1 -0.62) (end 1 -0.62) (layer F.Fab) (width 0.1))
    (fp_line (start 0.5 -0.85) (end -0.5 -0.85) (layer F.SilkS) (width 0.12))
    (fp_line (start -0.5 0.85) (end 0.5 0.85) (layer F.SilkS) (width 0.12))
    (fp_line (start -1.75 -0.88) (end 1.75 -0.88) (layer F.CrtYd) (width 0.05))
    (fp_line (start -1.75 -0.88) (end -1.75 0.87) (layer F.CrtYd) (width 0.05))
    (fp_line (start 1.75 0.87) (end 1.75 -0.88) (layer F.CrtYd) (width 0.05))
    (fp_line (start 1.75 0.87) (end -1.75 0.87) (layer F.CrtYd) (width 0.05))
    (pad 1 smd rect (at -1 0 180) (size 1 1.25) (layers F.Cu F.Paste F.Mask)
      (net 6 B2))
    (pad 2 smd rect (at 1 0 180) (size 1 1.25) (layers F.Cu F.Paste F.Mask)
      (net 13 "Net-(C12-Pad2)"))
    (model Capacitors_SMD.3dshapes/C_0805.wrl
      (at (xyz 0 0 0))
      (scale (xyz 1 1 1))
      (rotate (xyz 0 0 0))
    )
  )

  (module Capacitors_SMD:C_0805 (layer F.Cu) (tedit 58AA8463) (tstamp 60A370DF)
    (at 67.825 37.025 180)
    (descr "Capacitor SMD 0805, reflow soldering, AVX (see smccp.pdf)")
    (tags "capacitor 0805")
    (path /60663579/5C0B9CFF)
    (attr smd)
    (fp_text reference C13 (at 0 -1.5 180) (layer F.SilkS)
      (effects (font (size 1 1) (thickness 0.15)))
    )
    (fp_text value 100nF (at 0 1.75 180) (layer F.Fab)
      (effects (font (size 1 1) (thickness 0.15)))
    )
    (fp_text user %R (at 0 -1.5 180) (layer F.Fab)
      (effects (font (size 1 1) (thickness 0.15)))
    )
    (fp_line (start -1 0.62) (end -1 -0.62) (layer F.Fab) (width 0.1))
    (fp_line (start 1 0.62) (end -1 0.62) (layer F.Fab) (width 0.1))
    (fp_line (start 1 -0.62) (end 1 0.62) (layer F.Fab) (width 0.1))
    (fp_line (start -1 -0.62) (end 1 -0.62) (layer F.Fab) (width 0.1))
    (fp_line (start 0.5 -0.85) (end -0.5 -0.85) (layer F.SilkS) (width 0.12))
    (fp_line (start -0.5 0.85) (end 0.5 0.85) (layer F.SilkS) (width 0.12))
    (fp_line (start -1.75 -0.88) (end 1.75 -0.88) (layer F.CrtYd) (width 0.05))
    (fp_line (start -1.75 -0.88) (end -1.75 0.87) (layer F.CrtYd) (width 0.05))
    (fp_line (start 1.75 0.87) (end 1.75 -0.88) (layer F.CrtYd) (width 0.05))
    (fp_line (start 1.75 0.87) (end -1.75 0.87) (layer F.CrtYd) (width 0.05))
    (pad 1 smd rect (at -1 0 180) (size 1 1.25) (layers F.Cu F.Paste F.Mask)
      (net 4 +7.5V))
    (pad 2 smd rect (at 1 0 180) (size 1 1.25) (layers F.Cu F.Paste F.Mask)
      (net 2 GND))
    (model Capacitors_SMD.3dshapes/C_0805.wrl
      (at (xyz 0 0 0))
      (scale (xyz 1 1 1))
      (rotate (xyz 0 0 0))
    )
  )

  (module Capacitors_SMD:C_0805 (layer F.Cu) (tedit 58AA8463) (tstamp 60A370F0)
    (at 75.225 33.65)
    (descr "Capacitor SMD 0805, reflow soldering, AVX (see smccp.pdf)")
    (tags "capacitor 0805")
    (path /60663579/5BC90BB3)
    (attr smd)
    (fp_text reference C14 (at 3.075 0.175) (layer F.SilkS)
      (effects (font (size 1 1) (thickness 0.15)))
    )
    (fp_text value 47nF (at 0 1.75) (layer F.Fab)
      (effects (font (size 1 1) (thickness 0.15)))
    )
    (fp_line (start 1.75 0.87) (end -1.75 0.87) (layer F.CrtYd) (width 0.05))
    (fp_line (start 1.75 0.87) (end 1.75 -0.88) (layer F.CrtYd) (width 0.05))
    (fp_line (start -1.75 -0.88) (end -1.75 0.87) (layer F.CrtYd) (width 0.05))
    (fp_line (start -1.75 -0.88) (end 1.75 -0.88) (layer F.CrtYd) (width 0.05))
    (fp_line (start -0.5 0.85) (end 0.5 0.85) (layer F.SilkS) (width 0.12))
    (fp_line (start 0.5 -0.85) (end -0.5 -0.85) (layer F.SilkS) (width 0.12))
    (fp_line (start -1 -0.62) (end 1 -0.62) (layer F.Fab) (width 0.1))
    (fp_line (start 1 -0.62) (end 1 0.62) (layer F.Fab) (width 0.1))
    (fp_line (start 1 0.62) (end -1 0.62) (layer F.Fab) (width 0.1))
    (fp_line (start -1 0.62) (end -1 -0.62) (layer F.Fab) (width 0.1))
    (fp_text user %R (at 0 -1.5) (layer F.Fab)
      (effects (font (size 1 1) (thickness 0.15)))
    )
    (pad 2 smd rect (at 1 0) (size 1 1.25) (layers F.Cu F.Paste F.Mask)
      (net 14 "Net-(C14-Pad2)"))
    (pad 1 smd rect (at -1 0) (size 1 1.25) (layers F.Cu F.Paste F.Mask)
      (net 6 B2))
    (model Capacitors_SMD.3dshapes/C_0805.wrl
      (at (xyz 0 0 0))
      (scale (xyz 1 1 1))
      (rotate (xyz 0 0 0))
    )
  )

  (module Capacitors_SMD:C_0805 (layer F.Cu) (tedit 58AA8463) (tstamp 60A37101)
    (at 74.35 56.5)
    (descr "Capacitor SMD 0805, reflow soldering, AVX (see smccp.pdf)")
    (tags "capacitor 0805")
    (path /60663579/5EDA30CB)
    (attr smd)
    (fp_text reference C15 (at -0.175 1.825) (layer F.SilkS)
      (effects (font (size 1 1) (thickness 0.15)))
    )
    (fp_text value 100N (at 0 1.75) (layer F.Fab)
      (effects (font (size 1 1) (thickness 0.15)))
    )
    (fp_line (start 1.75 0.87) (end -1.75 0.87) (layer F.CrtYd) (width 0.05))
    (fp_line (start 1.75 0.87) (end 1.75 -0.88) (layer F.CrtYd) (width 0.05))
    (fp_line (start -1.75 -0.88) (end -1.75 0.87) (layer F.CrtYd) (width 0.05))
    (fp_line (start -1.75 -0.88) (end 1.75 -0.88) (layer F.CrtYd) (width 0.05))
    (fp_line (start -0.5 0.85) (end 0.5 0.85) (layer F.SilkS) (width 0.12))
    (fp_line (start 0.5 -0.85) (end -0.5 -0.85) (layer F.SilkS) (width 0.12))
    (fp_line (start -1 -0.62) (end 1 -0.62) (layer F.Fab) (width 0.1))
    (fp_line (start 1 -0.62) (end 1 0.62) (layer F.Fab) (width 0.1))
    (fp_line (start 1 0.62) (end -1 0.62) (layer F.Fab) (width 0.1))
    (fp_line (start -1 0.62) (end -1 -0.62) (layer F.Fab) (width 0.1))
    (fp_text user %R (at 0 -1.5) (layer F.Fab)
      (effects (font (size 1 1) (thickness 0.15)))
    )
    (pad 2 smd rect (at 1 0) (size 1 1.25) (layers F.Cu F.Paste F.Mask)
      (net 2 GND))
    (pad 1 smd rect (at -1 0) (size 1 1.25) (layers F.Cu F.Paste F.Mask)
      (net 1 +12V))
    (model Capacitors_SMD.3dshapes/C_0805.wrl
      (at (xyz 0 0 0))
      (scale (xyz 1 1 1))
      (rotate (xyz 0 0 0))
    )
  )

  (module Capacitors_SMD:C_0805 (layer F.Cu) (tedit 58AA8463) (tstamp 60A37112)
    (at 75.65 70.775 180)
    (descr "Capacitor SMD 0805, reflow soldering, AVX (see smccp.pdf)")
    (tags "capacitor 0805")
    (path /60663579/5EDA30D2)
    (attr smd)
    (fp_text reference C16 (at 0 -1.5 180) (layer F.SilkS)
      (effects (font (size 1 1) (thickness 0.15)))
    )
    (fp_text value 100N (at 0 1.75 180) (layer F.Fab)
      (effects (font (size 1 1) (thickness 0.15)))
    )
    (fp_text user %R (at 0 -1.5 180) (layer F.Fab)
      (effects (font (size 1 1) (thickness 0.15)))
    )
    (fp_line (start -1 0.62) (end -1 -0.62) (layer F.Fab) (width 0.1))
    (fp_line (start 1 0.62) (end -1 0.62) (layer F.Fab) (width 0.1))
    (fp_line (start 1 -0.62) (end 1 0.62) (layer F.Fab) (width 0.1))
    (fp_line (start -1 -0.62) (end 1 -0.62) (layer F.Fab) (width 0.1))
    (fp_line (start 0.5 -0.85) (end -0.5 -0.85) (layer F.SilkS) (width 0.12))
    (fp_line (start -0.5 0.85) (end 0.5 0.85) (layer F.SilkS) (width 0.12))
    (fp_line (start -1.75 -0.88) (end 1.75 -0.88) (layer F.CrtYd) (width 0.05))
    (fp_line (start -1.75 -0.88) (end -1.75 0.87) (layer F.CrtYd) (width 0.05))
    (fp_line (start 1.75 0.87) (end 1.75 -0.88) (layer F.CrtYd) (width 0.05))
    (fp_line (start 1.75 0.87) (end -1.75 0.87) (layer F.CrtYd) (width 0.05))
    (pad 1 smd rect (at -1 0 180) (size 1 1.25) (layers F.Cu F.Paste F.Mask)
      (net 2 GND))
    (pad 2 smd rect (at 1 0 180) (size 1 1.25) (layers F.Cu F.Paste F.Mask)
      (net 3 -12V))
    (model Capacitors_SMD.3dshapes/C_0805.wrl
      (at (xyz 0 0 0))
      (scale (xyz 1 1 1))
      (rotate (xyz 0 0 0))
    )
  )

  (module Capacitors_SMD:C_0805 (layer F.Cu) (tedit 58AA8463) (tstamp 60A37123)
    (at 85.35 48.875)
    (descr "Capacitor SMD 0805, reflow soldering, AVX (see smccp.pdf)")
    (tags "capacitor 0805")
    (path /60663579/5ECAAC74)
    (attr smd)
    (fp_text reference C17 (at 0 -1.5) (layer F.SilkS)
      (effects (font (size 1 1) (thickness 0.15)))
    )
    (fp_text value 47nF (at 0 1.75) (layer F.Fab)
      (effects (font (size 1 1) (thickness 0.15)))
    )
    (fp_line (start 1.75 0.87) (end -1.75 0.87) (layer F.CrtYd) (width 0.05))
    (fp_line (start 1.75 0.87) (end 1.75 -0.88) (layer F.CrtYd) (width 0.05))
    (fp_line (start -1.75 -0.88) (end -1.75 0.87) (layer F.CrtYd) (width 0.05))
    (fp_line (start -1.75 -0.88) (end 1.75 -0.88) (layer F.CrtYd) (width 0.05))
    (fp_line (start -0.5 0.85) (end 0.5 0.85) (layer F.SilkS) (width 0.12))
    (fp_line (start 0.5 -0.85) (end -0.5 -0.85) (layer F.SilkS) (width 0.12))
    (fp_line (start -1 -0.62) (end 1 -0.62) (layer F.Fab) (width 0.1))
    (fp_line (start 1 -0.62) (end 1 0.62) (layer F.Fab) (width 0.1))
    (fp_line (start 1 0.62) (end -1 0.62) (layer F.Fab) (width 0.1))
    (fp_line (start -1 0.62) (end -1 -0.62) (layer F.Fab) (width 0.1))
    (fp_text user %R (at 0 -1.5) (layer F.Fab)
      (effects (font (size 1 1) (thickness 0.15)))
    )
