(kicad_pcb (version 20171130) (host pcbnew 5.0.2+dfsg1-1)

  (general
    (thickness 1.6)
    (drawings 42)
    (tracks 3020)
    (zones 0)
    (modules 218)
    (nets 138)
  )

  (page A4)
  (layers
    (0 F.Cu signal)
    (31 B.Cu signal)
    (32 B.Adhes user)
    (33 F.Adhes user)
    (34 B.Paste user hide)
    (35 F.Paste user hide)
    (36 B.SilkS user hide)
    (37 F.SilkS user hide)
    (38 B.Mask user hide)
    (39 F.Mask user hide)
    (40 Dwgs.User user)
    (41 Cmts.User user)
    (42 Eco1.User user)
    (43 Eco2.User user)
    (44 Edge.Cuts user)
    (45 Margin user)
    (46 B.CrtYd user)
    (47 F.CrtYd user)
    (48 B.Fab user)
    (49 F.Fab user)
  )

  (setup
    (last_trace_width 0.25)
    (user_trace_width 0.3)
    (user_trace_width 0.4)
    (user_trace_width 0.5)
    (user_trace_width 0.6)
    (user_trace_width 0.8)
    (trace_clearance 0.2)
    (zone_clearance 0.508)
    (zone_45_only no)
    (trace_min 0.2)
    (segment_width 0.2)
    (edge_width 0.15)
    (via_size 0.8)
    (via_drill 0.4)
    (via_min_size 0.4)
    (via_min_drill 0.3)
    (uvia_size 0.3)
    (uvia_drill 0.1)
    (uvias_allowed no)
    (uvia_min_size 0.2)
    (uvia_min_drill 0.1)
    (pcb_text_width 0.3)
    (pcb_text_size 1.5 1.5)
    (mod_edge_width 0.15)
    (mod_text_size 1 1)
    (mod_text_width 0.15)
    (pad_size 1 0.25)
    (pad_drill 0)
    (pad_to_mask_clearance 0.051)
    (solder_mask_min_width 0.25)
    (aux_axis_origin 0 0)
    (visible_elements FFFFFF7F)
    (pcbplotparams
      (layerselection 0x010fc_ffffffff)
      (usegerberextensions false)
      (usegerberattributes false)
      (usegerberadvancedattributes false)
      (creategerberjobfile false)
      (excludeedgelayer true)
      (linewidth 0.050000)
      (plotframeref false)
      (viasonmask false)
      (mode 1)
      (useauxorigin false)
      (hpglpennumber 1)
      (hpglpenspeed 20)
      (hpglpendiameter 15.000000)
      (psnegative false)
      (psa4output false)
      (plotreference true)
      (plotvalue true)
      (plotinvisibletext false)
      (padsonsilk false)
      (subtractmaskfromsilk false)
      (outputformat 1)
      (mirror false)
      (drillshape 1)
      (scaleselection 1)
      (outputdirectory ""))
  )

  (net 0 "")
  (net 1 +12V)
  (net 2 GND)
  (net 3 -12V)
  (net 4 "Net-(C7-Pad2)")
  (net 5 "Net-(C7-Pad1)")
  (net 6 +3.3VA)
  (net 7 5volts)
  (net 8 +3V3)
  (net 9 "Net-(C19-Pad1)")
  (net 10 "Net-(C20-Pad1)")
  (net 11 "Net-(C21-Pad1)")
  (net 12 "Net-(C22-Pad1)")
  (net 13 "Net-(C30-Pad2)")
  (net 14 ADC0)
  (net 15 ADC9)
  (net 16 "Net-(C31-Pad2)")
  (net 17 ADC3)
  (net 18 "Net-(C32-Pad2)")
  (net 19 "Net-(C33-Pad2)")
  (net 20 ADC6)
  (net 21 ADC1)
  (net 22 "Net-(C34-Pad2)")
  (net 23 "Net-(C35-Pad2)")
  (net 24 ADC10)
  (net 25 "Net-(C36-Pad2)")
  (net 26 ADC4)
  (net 27 "Net-(C37-Pad2)")
  (net 28 ADC7)
  (net 29 AREF-10)
  (net 30 -12VA)
  (net 31 "Net-(C40-Pad1)")
  (net 32 "Net-(R77-Pad2)")
  (net 33 ADC11)
  (net 34 "Net-(R65-Pad2)")
  (net 35 "Net-(D1-Pad2)")
  (net 36 "Net-(D1-Pad1)")
  (net 37 "Net-(D2-Pad2)")
  (net 38 "Net-(D2-Pad1)")
  (net 39 "Net-(D3-Pad1)")
  (net 40 "Net-(D3-Pad2)")
  (net 41 "Net-(D4-Pad2)")
  (net 42 "Net-(D4-Pad1)")
  (net 43 "Net-(D5-Pad1)")
  (net 44 "Net-(D5-Pad2)")
  (net 45 "Net-(D6-Pad1)")
  (net 46 "Net-(D6-Pad2)")
  (net 47 "Net-(D7-Pad1)")
  (net 48 "Net-(D8-Pad2)")
  (net 49 /micro/SWDIO)
  (net 50 /micro/SWCLK)
  (net 51 "Net-(R79-Pad2)")
  (net 52 ADC5)
  (net 53 "Net-(R67-Pad2)")
  (net 54 NSPEED_IN)
  (net 55 CLEN_IN)
  (net 56 CSPEED_IN)
  (net 57 NLEN_IN)
  (net 58 RSROUT1)
  (net 59 LSROUT1)
  (net 60 CSROUT1)
  (net 61 RLEN_IN)
  (net 62 RSPEED_IN)
  (net 63 LLEN_IN)
  (net 64 LSPEED_IN)
  (net 65 RSROUT2)
  (net 66 LSROUT2)
  (net 67 NSRCLK)
  (net 68 RSR)
  (net 69 LSR)
  (net 70 ADC_IN)
  (net 71 DAC_OUT)
  (net 72 RSRCLK)
  (net 73 TIM1_CH1)
  (net 74 LSRCLK)
  (net 75 CSRCLK)
  (net 76 "Net-(M23-Pad3)")
  (net 77 "Net-(R75-Pad2)")
  (net 78 ADC2)
  (net 79 "Net-(R63-Pad2)")
  (net 80 "Net-(Q1-Pad1)")
  (net 81 MSB_IN)
  (net 82 "Net-(Q2-Pad1)")
  (net 83 5_IN)
  (net 84 "Net-(Q3-Pad1)")
  (net 85 4_IN)
  (net 86 "Net-(Q4-Pad1)")
  (net 87 3_IN)
  (net 88 2_IN)
  (net 89 "Net-(Q5-Pad1)")
  (net 90 1_IN)
  (net 91 "Net-(Q6-Pad1)")
  (net 92 "Net-(Q7-Pad1)")
  (net 93 LSRIN)
  (net 94 "Net-(Q8-Pad1)")
  (net 95 "Net-(Q9-Pad1)")
  (net 96 "Net-(Q10-Pad1)")
  (net 97 LSRCLKIN)
  (net 98 "Net-(Q11-Pad1)")
  (net 99 RSRIN)
  (net 100 "Net-(Q12-Pad1)")
  (net 101 "Net-(Q13-Pad1)")
  (net 102 "Net-(Q14-Pad1)")
  (net 103 RSRCLKIN)
  (net 104 "Net-(Q15-Pad1)")
  (net 105 "Net-(Q16-Pad1)")
  (net 106 NSRCLKIN)
  (net 107 "Net-(Q17-Pad1)")
  (net 108 CSRCLKIN)
  (net 109 "Net-(Q18-Pad1)")
  (net 110 "Net-(R1-Pad1)")
  (net 111 "Net-(R11-Pad2)")
  (net 112 /ADCREF)
  (net 113 "Net-(R4-Pad2)")
  (net 114 "Net-(R5-Pad2)")
  (net 115 "Net-(R6-Pad2)")
  (net 116 "Net-(R7-Pad2)")
  (net 117 "Net-(R8-Pad2)")
  (net 118 "Net-(R10-Pad1)")
  (net 119 "Net-(R11-Pad1)")
  (net 120 "Net-(R12-Pad1)")
  (net 121 /buf_out)
  (net 122 DAC_MC_OUT)
  (net 123 PULSE1OUT)
  (net 124 PULSE2OUT)
  (net 125 PULSE3OUT)
  (net 126 PULSE4OUT)
  (net 127 "Net-(R69-Pad2)")
  (net 128 "Net-(R81-Pad2)")
  (net 129 PULSE5OUT)
  (net 130 PULSE6OUT)
  (net 131 ADC8)
  (net 132 CSROUT2)
  (net 133 PULSE8OUT)
  (net 134 PULSE7OUT)
  (net 135 PULSE10OUT)
  (net 136 PULSE9OUT)
  (net 137 PULSE11OUT)

  (net_class Default "This is the default net class."
    (clearance 0.2)
    (trace_width 0.25)
    (via_dia 0.8)
    (via_drill 0.4)
    (uvia_dia 0.3)
    (uvia_drill 0.1)
    (add_net +12V)
    (add_net +3.3VA)
    (add_net +3V3)
    (add_net -12V)
    (add_net -12VA)
    (add_net /ADCREF)
    (add_net /buf_out)
    (add_net /micro/SWCLK)
    (add_net /micro/SWDIO)
    (add_net 1_IN)
    (add_net 2_IN)
    (add_net 3_IN)
    (add_net 4_IN)
    (add_net 5_IN)
    (add_net 5volts)
    (add_net ADC0)
    (add_net ADC1)
    (add_net ADC10)
    (add_net ADC11)
    (add_net ADC2)
    (add_net ADC3)
    (add_net ADC4)
    (add_net ADC5)
    (add_net ADC6)
    (add_net ADC7)
    (add_net ADC8)
    (add_net ADC9)
    (add_net ADC_IN)
    (add_net AREF-10)
    (add_net CLEN_IN)
    (add_net CSPEED_IN)
    (add_net CSRCLK)
    (add_net CSRCLKIN)
    (add_net CSROUT1)
    (add_net CSROUT2)
    (add_net DAC_MC_OUT)
    (add_net DAC_OUT)
    (add_net GND)
    (add_net LLEN_IN)
    (add_net LSPEED_IN)
    (add_net LSR)
    (add_net LSRCLK)
    (add_net LSRCLKIN)
    (add_net LSRIN)
    (add_net LSROUT1)
    (add_net LSROUT2)
    (add_net MSB_IN)
    (add_net NLEN_IN)
    (add_net NSPEED_IN)
    (add_net NSRCLK)
    (add_net NSRCLKIN)
    (add_net "Net-(C19-Pad1)")
    (add_net "Net-(C20-Pad1)")
    (add_net "Net-(C21-Pad1)")
    (add_net "Net-(C22-Pad1)")
    (add_net "Net-(C30-Pad2)")
    (add_net "Net-(C31-Pad2)")
    (add_net "Net-(C32-Pad2)")
    (add_net "Net-(C33-Pad2)")
    (add_net "Net-(C34-Pad2)")
    (add_net "Net-(C35-Pad2)")
    (add_net "Net-(C36-Pad2)")
    (add_net "Net-(C37-Pad2)")
    (add_net "Net-(C40-Pad1)")
    (add_net "Net-(C7-Pad1)")
    (add_net "Net-(C7-Pad2)")
    (add_net "Net-(D1-Pad1)")
    (add_net "Net-(D1-Pad2)")
    (add_net "Net-(D2-Pad1)")
    (add_net "Net-(D2-Pad2)")
    (add_net "Net-(D3-Pad1)")
    (add_net "Net-(D3-Pad2)")
    (add_net "Net-(D4-Pad1)")
    (add_net "Net-(D4-Pad2)")
    (add_net "Net-(D5-Pad1)")
    (add_net "Net-(D5-Pad2)")
    (add_net "Net-(D6-Pad1)")
    (add_net "Net-(D6-Pad2)")
    (add_net "Net-(D7-Pad1)")
    (add_net "Net-(D8-Pad2)")
    (add_net "Net-(M23-Pad3)")
    (add_net "Net-(Q1-Pad1)")
    (add_net "Net-(Q10-Pad1)")
    (add_net "Net-(Q11-Pad1)")
    (add_net "Net-(Q12-Pad1)")
    (add_net "Net-(Q13-Pad1)")
    (add_net "Net-(Q14-Pad1)")
    (add_net "Net-(Q15-Pad1)")
    (add_net "Net-(Q16-Pad1)")
    (add_net "Net-(Q17-Pad1)")
    (add_net "Net-(Q18-Pad1)")
    (add_net "Net-(Q2-Pad1)")
    (add_net "Net-(Q3-Pad1)")
    (add_net "Net-(Q4-Pad1)")
    (add_net "Net-(Q5-Pad1)")
    (add_net "Net-(Q6-Pad1)")
    (add_net "Net-(Q7-Pad1)")
    (add_net "Net-(Q8-Pad1)")
    (add_net "Net-(Q9-Pad1)")
    (add_net "Net-(R1-Pad1)")
    (add_net "Net-(R10-Pad1)")
    (add_net "Net-(R11-Pad1)")
    (add_net "Net-(R11-Pad2)")
    (add_net "Net-(R12-Pad1)")
    (add_net "Net-(R4-Pad2)")
    (add_net "Net-(R5-Pad2)")
    (add_net "Net-(R6-Pad2)")
    (add_net "Net-(R63-Pad2)")
    (add_net "Net-(R65-Pad2)")
    (add_net "Net-(R67-Pad2)")
    (add_net "Net-(R69-Pad2)")
    (add_net "Net-(R7-Pad2)")
    (add_net "Net-(R75-Pad2)")
    (add_net "Net-(R77-Pad2)")
    (add_net "Net-(R79-Pad2)")
    (add_net "Net-(R8-Pad2)")
    (add_net "Net-(R81-Pad2)")
    (add_net PULSE10OUT)
    (add_net PULSE11OUT)
    (add_net PULSE1OUT)
    (add_net PULSE2OUT)
    (add_net PULSE3OUT)
    (add_net PULSE4OUT)
    (add_net PULSE5OUT)
    (add_net PULSE6OUT)
    (add_net PULSE7OUT)
    (add_net PULSE8OUT)
    (add_net PULSE9OUT)
    (add_net RLEN_IN)
    (add_net RSPEED_IN)
    (add_net RSR)
    (add_net RSRCLK)
    (add_net RSRCLKIN)
    (add_net RSRIN)
    (add_net RSROUT1)
    (add_net RSROUT2)
    (add_net TIM1_CH1)
  )

  (module Housings_QFP:LQFP-64_10x10mm_Pitch0.5mm (layer B.Cu) (tedit 5FF5E832) (tstamp 6014898D)
    (at 136.62 94.92)
    (descr "64 LEAD LQFP 10x10mm (see MICREL LQFP10x10-64LD-PL-1.pdf)")
    (tags "QFP 0.5")
    (path /5E933887/5F0570D5)
    (attr smd)
    (fp_text reference U8 (at 0 7.2) (layer B.SilkS)
      (effects (font (size 1 1) (thickness 0.15)) (justify mirror))
    )
    (fp_text value STM32F446RETx (at 0 -7.2) (layer B.Fab)
      (effects (font (size 1 1) (thickness 0.15)) (justify mirror))
    )
    (fp_text user %R (at 0 0) (layer B.Fab)
      (effects (font (size 1 1) (thickness 0.15)) (justify mirror))
    )
    (fp_line (start -4 5) (end 5 5) (layer B.Fab) (width 0.15))
    (fp_line (start 5 5) (end 5 -5) (layer B.Fab) (width 0.15))
    (fp_line (start 5 -5) (end -5 -5) (layer B.Fab) (width 0.15))
    (fp_line (start -5 -5) (end -5 4) (layer B.Fab) (width 0.15))
    (fp_line (start -5 4) (end -4 5) (layer B.Fab) (width 0.15))
    (fp_line (start -6.45 6.45) (end -6.45 -6.45) (layer B.CrtYd) (width 0.05))
    (fp_line (start 6.45 6.45) (end 6.45 -6.45) (layer B.CrtYd) (width 0.05))
    (fp_line (start -6.45 6.45) (end 6.45 6.45) (layer B.CrtYd) (width 0.05))
    (fp_line (start -6.45 -6.45) (end 6.45 -6.45) (layer B.CrtYd) (width 0.05))
    (fp_line (start -5.175 5.175) (end -5.175 4.175) (layer B.SilkS) (width 0.15))
    (fp_line (start 5.175 5.175) (end 5.175 4.1) (layer B.SilkS) (width 0.15))
    (fp_line (start 5.175 -5.175) (end 5.175 -4.1) (layer B.SilkS) (width 0.15))
    (fp_line (start -5.175 -5.175) (end -5.175 -4.1) (layer B.SilkS) (width 0.15))
    (fp_line (start -5.175 5.175) (end -4.1 5.175) (layer B.SilkS) (width 0.15))
    (fp_line (start -5.175 -5.175) (end -4.1 -5.175) (layer B.SilkS) (width 0.15))
    (fp_line (start 5.175 -5.175) (end 4.1 -5.175) (layer B.SilkS) (width 0.15))
    (fp_line (start 5.175 5.175) (end 4.1 5.175) (layer B.SilkS) (width 0.15))
    (fp_line (start -5.175 4.175) (end -6.2 4.175) (layer B.SilkS) (width 0.15))
    (pad 1 smd rect (at -5.7 3.75) (size 1 0.25) (layers B.Cu B.Paste B.Mask)
      (net 8 +3V3))
    (pad 2 smd rect (at -5.7 3.25) (size 1 0.25) (layers B.Cu B.Paste B.Mask)
      (net 88 2_IN))
    (pad 3 smd rect (at -5.7 2.75) (size 1 0.25) (layers B.Cu B.Paste B.Mask)
      (net 90 1_IN))
    (pad 4 smd rect (at -5.7 2.25) (size 1 0.25) (layers B.Cu B.Paste B.Mask)
      (net 129 PULSE5OUT))
    (pad 5 smd rect (at -5.7 1.75) (size 1 0.25) (layers B.Cu B.Paste B.Mask)
      (net 9 "Net-(C19-Pad1)"))
    (pad 6 smd rect (at -5.7 1.25) (size 1 0.25) (layers B.Cu B.Paste B.Mask)
      (net 10 "Net-(C20-Pad1)"))
    (pad 7 smd rect (at -5.7 0.75) (size 1 0.25) (layers B.Cu B.Paste B.Mask)
      (net 11 "Net-(C21-Pad1)"))
    (pad 8 smd rect (at -5.7 0.25) (size 1 0.25) (layers B.Cu B.Paste B.Mask)
      (net 15 ADC9))
    (pad 9 smd rect (at -5.7 -0.25) (size 1 0.25) (layers B.Cu B.Paste B.Mask)
      (net 24 ADC10))
    (pad 10 smd rect (at -5.7 -0.75) (size 1 0.25) (layers B.Cu B.Paste B.Mask)
      (net 33 ADC11))
    (pad 11 smd rect (at -5.7 -1.25) (size 1 0.25) (layers B.Cu B.Paste B.Mask)
      (net 108 CSRCLKIN))
    (pad 12 smd rect (at -5.7 -1.75) (size 1 0.25) (layers B.Cu B.Paste B.Mask)
      (net 2 GND))
    (pad 13 smd rect (at -5.7 -2.25) (size 1 0.25) (layers B.Cu B.Paste B.Mask)
      (net 6 +3.3VA))
    (pad 14 smd rect (at -5.7 -2.75) (size 1 0.25) (layers B.Cu B.Paste B.Mask)
      (net 14 ADC0))
    (pad 15 smd rect (at -5.7 -3.25) (size 1 0.25) (layers B.Cu B.Paste B.Mask)
      (net 21 ADC1))
    (pad 16 smd rect (at -5.7 -3.75) (size 1 0.25) (layers B.Cu B.Paste B.Mask)
      (net 78 ADC2))
    (pad 17 smd rect (at -3.75 -5.7 270) (size 1 0.25) (layers B.Cu B.Paste B.Mask)
      (net 17 ADC3))
    (pad 18 smd rect (at -3.25 -5.7 270) (size 1 0.25) (layers B.Cu B.Paste B.Mask)
      (net 2 GND))
    (pad 19 smd rect (at -2.75 -5.7 270) (size 1 0.25) (layers B.Cu B.Paste B.Mask)
      (net 8 +3V3))
    (pad 20 smd rect (at -2.25 -5.7 270) (size 1 0.25) (layers B.Cu B.Paste B.Mask)
      (net 122 DAC_MC_OUT))
    (pad 21 smd rect (at -1.75 -5.7 270) (size 1 0.25) (layers B.Cu B.Paste B.Mask)
      (net 52 ADC5))
    (pad 22 smd rect (at -1.25 -5.7 270) (size 1 0.25) (layers B.Cu B.Paste B.Mask)
      (net 20 ADC6))
    (pad 23 smd rect (at -0.75 -5.7 270) (size 1 0.25) (layers B.Cu B.Paste B.Mask)
      (net 28 ADC7))
    (pad 24 smd rect (at -0.25 -5.7 270) (size 1 0.25) (layers B.Cu B.Paste B.Mask)
      (net 106 NSRCLKIN))
    (pad 25 smd rect (at 0.25 -5.7 270) (size 1 0.25) (layers B.Cu B.Paste B.Mask)
      (net 103 RSRCLKIN))
    (pad 26 smd rect (at 0.75 -5.7 270) (size 1 0.25) (layers B.Cu B.Paste B.Mask)
      (net 26 ADC4))
    (pad 27 smd rect (at 1.25 -5.7 270) (size 1 0.25) (layers B.Cu B.Paste B.Mask)
      (net 131 ADC8))
    (pad 28 smd rect (at 1.75 -5.7 270) (size 1 0.25) (layers B.Cu B.Paste B.Mask)
      (net 123 PULSE1OUT))
    (pad 29 smd rect (at 2.25 -5.7 270) (size 1 0.25) (layers B.Cu B.Paste B.Mask)
      (net 133 PULSE8OUT))
    (pad 30 smd rect (at 2.75 -5.7 270) (size 1 0.25) (layers B.Cu B.Paste B.Mask)
      (net 12 "Net-(C22-Pad1)"))
    (pad 31 smd rect (at 3.25 -5.7 270) (size 1 0.25) (layers B.Cu B.Paste B.Mask)
      (net 2 GND))
    (pad 32 smd rect (at 3.75 -5.7 270) (size 1 0.25) (layers B.Cu B.Paste B.Mask)
      (net 8 +3V3))
    (pad 33 smd rect (at 5.7 -3.75) (size 1 0.25) (layers B.Cu B.Paste B.Mask)
      (net 136 PULSE9OUT))
    (pad 34 smd rect (at 5.7 -3.25) (size 1 0.25) (layers B.Cu B.Paste B.Mask)
      (net 135 PULSE10OUT))
    (pad 35 smd rect (at 5.7 -2.75) (size 1 0.25) (layers B.Cu B.Paste B.Mask)
      (net 137 PULSE11OUT))
    (pad 36 smd rect (at 5.7 -2.25) (size 1 0.25) (layers B.Cu B.Paste B.Mask)
      (net 134 PULSE7OUT))
    (pad 37 smd rect (at 5.7 -1.75) (size 1 0.25) (layers B.Cu B.Paste B.Mask))
    (pad 38 smd rect (at 5.7 -1.25) (size 1 0.25) (layers B.Cu B.Paste B.Mask)
      (net 99 RSRIN))
    (pad 39 smd rect (at 5.7 -0.75) (size 1 0.25) (layers B.Cu B.Paste B.Mask)
      (net 93 LSRIN))
    (pad 40 smd rect (at 5.7 -0.25) (size 1 0.25) (layers B.Cu B.Paste B.Mask)
      (net 81 MSB_IN))
    (pad 41 smd rect (at 5.7 0.25) (size 1 0.25) (layers B.Cu B.Paste B.Mask)
      (net 73 TIM1_CH1))
    (pad 42 smd rect (at 5.7 0.75) (size 1 0.25) (layers B.Cu B.Paste B.Mask))
    (pad 43 smd rect (at 5.7 1.25) (size 1 0.25) (layers B.Cu B.Paste B.Mask))
    (pad 44 smd rect (at 5.7 1.75) (size 1 0.25) (layers B.Cu B.Paste B.Mask)
      (net 130 PULSE6OUT))
    (pad 45 smd rect (at 5.7 2.25) (size 1 0.25) (layers B.Cu B.Paste B.Mask)
      (net 126 PULSE4OUT))
    (pad 46 smd rect (at 5.7 2.75) (size 1 0.25) (layers B.Cu B.Paste B.Mask)
      (net 49 /micro/SWDIO))
    (pad 47 smd rect (at 5.7 3.25) (size 1 0.25) (layers B.Cu B.Paste B.Mask)
      (net 2 GND))
    (pad 48 smd rect (at 5.7 3.75) (size 1 0.25) (layers B.Cu B.Paste B.Mask)
      (net 8 +3V3))
    (pad 49 smd rect (at 3.75 5.7 270) (size 1 0.25) (layers B.Cu B.Paste B.Mask)
      (net 50 /micro/SWCLK))
    (pad 50 smd rect (at 3.25 5.7 270) (size 1 0.25) (layers B.Cu B.Paste B.Mask))
    (pad 51 smd rect (at 2.75 5.7 270) (size 1 0.25) (layers B.Cu B.Paste B.Mask)
      (net 83 5_IN))
    (pad 52 smd rect (at 2.25 5.7 270) (size 1 0.25) (layers B.Cu B.Paste B.Mask)
      (net 85 4_IN))
    (pad 53 smd rect (at 1.75 5.7 270) (size 1 0.25) (layers B.Cu B.Paste B.Mask)
      (net 87 3_IN))
    (pad 54 smd rect (at 1.25 5.7 270) (size 1 0.25) (layers B.Cu B.Paste B.Mask))
    (pad 55 smd rect (at 0.75 5.7 270) (size 1 0.25) (layers B.Cu B.Paste B.Mask)
      (net 124 PULSE2OUT))
    (pad 56 smd rect (at 0.25 5.7 270) (size 1 0.25) (layers B.Cu B.Paste B.Mask)
      (net 125 PULSE3OUT))
    (pad 57 smd rect (at -0.25 5.7 270) (size 1 0.25) (layers B.Cu B.Paste B.Mask))
    (pad 58 smd rect (at -0.75 5.7 270) (size 1 0.25) (layers B.Cu B.Paste B.Mask)
      (net 97 LSRCLKIN))
    (pad 59 smd rect (at -1.25 5.7 270) (size 1 0.25) (layers B.Cu B.Paste B.Mask))
    (pad 60 smd rect (at -1.75 5.7 270) (size 1 0.25) (layers B.Cu B.Paste B.Mask)
      (net 2 GND))
    (pad 61 smd rect (at -2.25 5.7 270) (size 1 0.25) (layers B.Cu B.Paste B.Mask))
    (pad 62 smd rect (at -2.75 5.7 270) (size 1 0.25) (layers B.Cu B.Paste B.Mask))
    (pad 63 smd rect (at -3.25 5.7 270) (size 1 0.25) (layers B.Cu B.Paste B.Mask)
      (net 2 GND))
    (pad 64 smd rect (at -3.75 5.7 270) (size 1 0.25) (layers B.Cu B.Paste B.Mask)
      (net 8 +3V3))
    (model Housings_QFP.3dshapes/LQFP-64_10x10mm_Pitch0.5mm.wrl
      (at (xyz 0 0 0))
      (scale (xyz 1 1 1))
      (rotate (xyz 0 0 0))
    )
  )

  (module Housings_SOIC:SOIC-8_3.9x4.9mm_Pitch1.27mm (layer B.Cu) (tedit 58CD0CDA) (tstamp 60148A01)
    (at 152.62 80.865)
    (descr "8-Lead Plastic Small Outline (SN) - Narrow, 3.90 mm Body [SOIC] (see Microchip Packaging Specification 00000049BS.pdf)")
    (tags "SOIC 1.27")
    (path /5F8E1429/5F909CB0)
    (attr smd)
    (fp_text reference U12 (at 0 3.5) (layer B.SilkS)
      (effects (font (size 1 1) (thickness 0.15)) (justify mirror))
    )
    (fp_text value MCP6002 (at 0 -3.5) (layer B.Fab)
      (effects (font (size 1 1) (thickness 0.15)) (justify mirror))
    )
    (fp_text user %R (at 0 0) (layer B.Fab)
      (effects (font (size 1 1) (thickness 0.15)) (justify mirror))
    )
    (fp_line (start -0.95 2.45) (end 1.95 2.45) (layer B.Fab) (width 0.1))
    (fp_line (start 1.95 2.45) (end 1.95 -2.45) (layer B.Fab) (width 0.1))
    (fp_line (start 1.95 -2.45) (end -1.95 -2.45) (layer B.Fab) (width 0.1))
    (fp_line (start -1.95 -2.45) (end -1.95 1.45) (layer B.Fab) (width 0.1))
    (fp_line (start -1.95 1.45) (end -0.95 2.45) (layer B.Fab) (width 0.1))
    (fp_line (start -3.73 2.7) (end -3.73 -2.7) (layer B.CrtYd) (width 0.05))
    (fp_line (start 3.73 2.7) (end 3.73 -2.7) (layer B.CrtYd) (width 0.05))
    (fp_line (start -3.73 2.7) (end 3.73 2.7) (layer B.CrtYd) (width 0.05))
    (fp_line (start -3.73 -2.7) (end 3.73 -2.7) (layer B.CrtYd) (width 0.05))
    (fp_line (start -2.075 2.575) (end -2.075 2.525) (layer B.SilkS) (width 0.15))
    (fp_line (start 2.075 2.575) (end 2.075 2.43) (layer B.SilkS) (width 0.15))
    (fp_line (start 2.075 -2.575) (end 2.075 -2.43) (layer B.SilkS) (width 0.15))
    (fp_line (start -2.075 -2.575) (end -2.075 -2.43) (layer B.SilkS) (width 0.15))
    (fp_line (start -2.075 2.575) (end 2.075 2.575) (layer B.SilkS) (width 0.15))
    (fp_line (start -2.075 -2.575) (end 2.075 -2.575) (layer B.SilkS) (width 0.15))
    (fp_line (start -2.075 2.525) (end -3.475 2.525) (layer B.SilkS) (width 0.15))
    (pad 1 smd rect (at -2.7 1.905) (size 1.55 0.6) (layers B.Cu B.Paste B.Mask)
      (net 26 ADC4))
    (pad 2 smd rect (at -2.7 0.635) (size 1.55 0.6) (layers B.Cu B.Paste B.Mask)
      (net 25 "Net-(C36-Pad2)"))
    (pad 3 smd rect (at -2.7 -0.635) (size 1.55 0.6) (layers B.Cu B.Paste B.Mask)
      (net 2 GND))
    (pad 4 smd rect (at -2.7 -1.905) (size 1.55 0.6) (layers B.Cu B.Paste B.Mask)
      (net 2 GND))
    (pad 5 smd rect (at 2.7 -1.905) (size 1.55 0.6) (layers B.Cu B.Paste B.Mask)
      (net 2 GND))
    (pad 6 smd rect (at 2.7 -0.635) (size 1.55 0.6) (layers B.Cu B.Paste B.Mask)
      (net 27 "Net-(C37-Pad2)"))
    (pad 7 smd rect (at 2.7 0.635) (size 1.55 0.6) (layers B.Cu B.Paste B.Mask)
      (net 28 ADC7))
    (pad 8 smd rect (at 2.7 1.905) (size 1.55 0.6) (layers B.Cu B.Paste B.Mask)
      (net 8 +3V3))
    (model Housings_SOIC.3dshapes/SOIC-8_3.9x4.9mm_Pitch1.27mm.wrl
      (at (xyz 0 0 0))
      (scale (xyz 1 1 1))
      (rotate (xyz 0 0 0))
    )
  )

  (module Crystals:Crystal_SMD_HC49-SD (layer B.Cu) (tedit 58CD2E9D) (tstamp 60148A17)
    (at 123.1 93.91 270)
    (descr "SMD Crystal HC-49-SD http://cdn-reichelt.de/documents/datenblatt/B400/xxx-HC49-SMD.pdf, 11.4x4.7mm^2 package")
    (tags "SMD SMT crystal")
    (path /5E933887/5F05D79A)
    (attr smd)
    (fp_text reference Y1 (at 0 3.55 270) (layer B.SilkS)
      (effects (font (size 1 1) (thickness 0.15)) (justify mirror))
    )
    (fp_text value 8MHz (at 0 -3.55 270) (layer B.Fab)
      (effects (font (size 1 1) (thickness 0.15)) (justify mirror))
    )
    (fp_text user %R (at 0 0 270) (layer B.Fab)
      (effects (font (size 1 1) (thickness 0.15)) (justify mirror))
    )
    (fp_line (start -5.7 2.35) (end -5.7 -2.35) (layer B.Fab) (width 0.1))
    (fp_line (start -5.7 -2.35) (end 5.7 -2.35) (layer B.Fab) (width 0.1))
    (fp_line (start 5.7 -2.35) (end 5.7 2.35) (layer B.Fab) (width 0.1))
    (fp_line (start 5.7 2.35) (end -5.7 2.35) (layer B.Fab) (width 0.1))
    (fp_line (start -3.015 2.115) (end 3.015 2.115) (layer B.Fab) (width 0.1))
    (fp_line (start -3.015 -2.115) (end 3.015 -2.115) (layer B.Fab) (width 0.1))
    (fp_line (start 5.9 2.55) (end -6.7 2.55) (layer B.SilkS) (width 0.12))
    (fp_line (start -6.7 2.55) (end -6.7 -2.55) (layer B.SilkS) (width 0.12))
    (fp_line (start -6.7 -2.55) (end 5.9 -2.55) (layer B.SilkS) (width 0.12))
    (fp_line (start -6.8 2.6) (end -6.8 -2.6) (layer B.CrtYd) (width 0.05))
    (fp_line (start -6.8 -2.6) (end 6.8 -2.6) (layer B.CrtYd) (width 0.05))
    (fp_line (start 6.8 -2.6) (end 6.8 2.6) (layer B.CrtYd) (width 0.05))
    (fp_line (start 6.8 2.6) (end -6.8 2.6) (layer B.CrtYd) (width 0.05))
    (fp_arc (start -3.015 0) (end -3.015 2.115) (angle 180) (layer B.Fab) (width 0.1))
    (fp_arc (start 3.015 0) (end 3.015 2.115) (angle -180) (layer B.Fab) (width 0.1))
    (pad 1 smd rect (at -4.25 0 270) (size 4.5 2) (layers B.Cu B.Paste B.Mask)
      (net 10 "Net-(C20-Pad1)"))
    (pad 2 smd rect (at 4.25 0 270) (size 4.5 2) (layers B.Cu B.Paste B.Mask)
      (net 9 "Net-(C19-Pad1)"))
    (model ${KISYS3DMOD}/Crystals.3dshapes/Crystal_SMD_HC49-SD.wrl
      (at (xyz 0 0 0))
      (scale (xyz 1 1 1))
      (rotate (xyz 0 0 0))
    )
  )

  (module Capacitors_SMD:C_0805 (layer B.Cu) (tedit 58AA8463) (tstamp 601477F0)
    (at 103.24 94.31 180)
    (descr "Capacitor SMD 0805, reflow soldering, AVX (see smccp.pdf)")
    (tags "capacitor 0805")
    (path /5E7D7450)
    (attr smd)
    (fp_text reference C1 (at 0 1.5 180) (layer B.SilkS)
      (effects (font (size 1 1) (thickness 0.15)) (justify mirror))
    )
    (fp_text value 100nF (at 0 -1.75 180) (layer B.Fab)
      (effects (font (size 1 1) (thickness 0.15)) (justify mirror))
    )
    (fp_text user %R (at 0 1.5 180) (layer B.Fab)
      (effects (font (size 1 1) (thickness 0.15)) (justify mirror))
    )
    (fp_line (start -1 -0.62) (end -1 0.62) (layer B.Fab) (width 0.1))
    (fp_line (start 1 -0.62) (end -1 -0.62) (layer B.Fab) (width 0.1))
    (fp_line (start 1 0.62) (end 1 -0.62) (layer B.Fab) (width 0.1))
    (fp_line (start -1 0.62) (end 1 0.62) (layer B.Fab) (width 0.1))
    (fp_line (start 0.5 0.85) (end -0.5 0.85) (layer B.SilkS) (width 0.12))
    (fp_line (start -0.5 -0.85) (end 0.5 -0.85) (layer B.SilkS) (width 0.12))
    (fp_line (start -1.75 0.88) (end 1.75 0.88) (layer B.CrtYd) (width 0.05))
    (fp_line (start -1.75 0.88) (end -1.75 -0.87) (layer B.CrtYd) (width 0.05))
    (fp_line (start 1.75 -0.87) (end 1.75 0.88) (layer B.CrtYd) (width 0.05))
    (fp_line (start 1.75 -0.87) (end -1.75 -0.87) (layer B.CrtYd) (width 0.05))
    (pad 1 smd rect (at -1 0 180) (size 1 1.25) (layers B.Cu B.Paste B.Mask)
      (net 1 +12V))
    (pad 2 smd rect (at 1 0 180) (size 1 1.25) (layers B.Cu B.Paste B.Mask)
      (net 2 GND))
    (model Capacitors_SMD.3dshapes/C_0805.wrl
      (at (xyz 0 0 0))
      (scale (xyz 1 1 1))
      (rotate (xyz 0 0 0))
    )
  )

  (module Capacitors_SMD:C_0805 (layer B.Cu) (tedit 58AA8463) (tstamp 60147801)
    (at 102.38 128.85 180)
    (descr "Capacitor SMD 0805, reflow soldering, AVX (see smccp.pdf)")
    (tags "capacitor 0805")
    (path /5E834156)
    (attr smd)
    (fp_text reference C2 (at 0 1.5 180) (layer B.SilkS)
      (effects (font (size 1 1) (thickness 0.15)) (justify mirror))
    )
    (fp_text value 100nF (at 0 -1.75 180) (layer B.Fab)
      (effects (font (size 1 1) (thickness 0.15)) (justify mirror))
    )
    (fp_line (start 1.75 -0.87) (end -1.75 -0.87) (layer B.CrtYd) (width 0.05))
    (fp_line (start 1.75 -0.87) (end 1.75 0.88) (layer B.CrtYd) (width 0.05))
    (fp_line (start -1.75 0.88) (end -1.75 -0.87) (layer B.CrtYd) (width 0.05))
    (fp_line (start -1.75 0.88) (end 1.75 0.88) (layer B.CrtYd) (width 0.05))
    (fp_line (start -0.5 -0.85) (end 0.5 -0.85) (layer B.SilkS) (width 0.12))
    (fp_line (start 0.5 0.85) (end -0.5 0.85) (layer B.SilkS) (width 0.12))
    (fp_line (start -1 0.62) (end 1 0.62) (layer B.Fab) (width 0.1))
    (fp_line (start 1 0.62) (end 1 -0.62) (layer B.Fab) (width 0.1))
    (fp_line (start 1 -0.62) (end -1 -0.62) (layer B.Fab) (width 0.1))
    (fp_line (start -1 -0.62) (end -1 0.62) (layer B.Fab) (width 0.1))
    (fp_text user %R (at 0 1.5 180) (layer B.Fab)
      (effects (font (size 1 1) (thickness 0.15)) (justify mirror))
    )
    (pad 2 smd rect (at 1 0 180) (size 1 1.25) (layers B.Cu B.Paste B.Mask)
      (net 2 GND))
    (pad 1 smd rect (at -1 0 180) (size 1 1.25) (layers B.Cu B.Paste B.Mask)
      (net 1 +12V))
    (model Capacitors_SMD.3dshapes/C_0805.wrl
      (at (xyz 0 0 0))
      (scale (xyz 1 1 1))
      (rotate (xyz 0 0 0))
    )
  )

  (module Capacitors_SMD:C_0805 (layer B.Cu) (tedit 58AA8463) (tstamp 60147812)
    (at 114.48 128.71)
    (descr "Capacitor SMD 0805, reflow soldering, AVX (see smccp.pdf)")
    (tags "capacitor 0805")
    (path /5E7D7554)
    (attr smd)
    (fp_text reference C3 (at 0 1.5) (layer B.SilkS)
      (effects (font (size 1 1) (thickness 0.15)) (justify mirror))
    )
    (fp_text value 100nF (at 0 -1.75) (layer B.Fab)
      (effects (font (size 1 1) (thickness 0.15)) (justify mirror))
    )
    (fp_line (start 1.75 -0.87) (end -1.75 -0.87) (layer B.CrtYd) (width 0.05))
    (fp_line (start 1.75 -0.87) (end 1.75 0.88) (layer B.CrtYd) (width 0.05))
    (fp_line (start -1.75 0.88) (end -1.75 -0.87) (layer B.CrtYd) (width 0.05))
    (fp_line (start -1.75 0.88) (end 1.75 0.88) (layer B.CrtYd) (width 0.05))
    (fp_line (start -0.5 -0.85) (end 0.5 -0.85) (layer B.SilkS) (width 0.12))
    (fp_line (start 0.5 0.85) (end -0.5 0.85) (layer B.SilkS) (width 0.12))
    (fp_line (start -1 0.62) (end 1 0.62) (layer B.Fab) (width 0.1))
    (fp_line (start 1 0.62) (end 1 -0.62) (layer B.Fab) (width 0.1))
    (fp_line (start 1 -0.62) (end -1 -0.62) (layer B.Fab) (width 0.1))
    (fp_line (start -1 -0.62) (end -1 0.62) (layer B.Fab) (width 0.1))
    (fp_text user %R (at 0 1.5) (layer B.Fab)
      (effects (font (size 1 1) (thickness 0.15)) (justify mirror))
    )
    (pad 2 smd rect (at 1 0) (size 1 1.25) (layers B.Cu B.Paste B.Mask)
      (net 2 GND))
    (pad 1 smd rect (at -1 0) (size 1 1.25) (layers B.Cu B.Paste B.Mask)
      (net 3 -12V))
    (model Capacitors_SMD.3dshapes/C_0805.wrl
      (at (xyz 0 0 0))
      (scale (xyz 1 1 1))
      (rotate (xyz 0 0 0))
    )
  )

  (module Capacitors_SMD:C_0805 (layer B.Cu) (tedit 58AA8463) (tstamp 60147823)
    (at 115.08 96.26)
    (descr "Capacitor SMD 0805, reflow soldering, AVX (see smccp.pdf)")
    (tags "capacitor 0805")
    (path /5E83415C)
    (attr smd)
    (fp_text reference C4 (at 0 1.5) (layer B.SilkS)
      (effects (font (size 1 1) (thickness 0.15)) (justify mirror))
    )
    (fp_text value 100nF (at 0 -1.75) (layer B.Fab)
      (effects (font (size 1 1) (thickness 0.15)) (justify mirror))
    )
    (fp_line (start 1.75 -0.87) (end -1.75 -0.87) (layer B.CrtYd) (width 0.05))
    (fp_line (start 1.75 -0.87) (end 1.75 0.88) (layer B.CrtYd) (width 0.05))
    (fp_line (start -1.75 0.88) (end -1.75 -0.87) (layer B.CrtYd) (width 0.05))
    (fp_line (start -1.75 0.88) (end 1.75 0.88) (layer B.CrtYd) (width 0.05))
    (fp_line (start -0.5 -0.85) (end 0.5 -0.85) (layer B.SilkS) (width 0.12))
    (fp_line (start 0.5 0.85) (end -0.5 0.85) (layer B.SilkS) (width 0.12))
    (fp_line (start -1 0.62) (end 1 0.62) (layer B.Fab) (width 0.1))
    (fp_line (start 1 0.62) (end 1 -0.62) (layer B.Fab) (width 0.1))
    (fp_line (start 1 -0.62) (end -1 -0.62) (layer B.Fab) (width 0.1))
    (fp_line (start -1 -0.62) (end -1 0.62) (layer B.Fab) (width 0.1))
    (fp_text user %R (at 0 1.5) (layer B.Fab)
      (effects (font (size 1 1) (thickness 0.15)) (justify mirror))
    )
    (pad 2 smd rect (at 1 0) (size 1 1.25) (layers B.Cu B.Paste B.Mask)
      (net 2 GND))
    (pad 1 smd rect (at -1 0) (size 1 1.25) (layers B.Cu B.Paste B.Mask)
      (net 3 -12V))
    (model Capacitors_SMD.3dshapes/C_0805.wrl
      (at (xyz 0 0 0))
      (scale (xyz 1 1 1))
      (rotate (xyz 0 0 0))
    )
  )

  (module Capacitors_SMD:C_0805 (layer B.Cu) (tedit 58AA8463) (tstamp 60147834)
    (at 92.72 84.32 180)
    (descr "Capacitor SMD 0805, reflow soldering, AVX (see smccp.pdf)")
    (tags "capacitor 0805")
    (path /5E7DBE11)
    (attr smd)
    (fp_text reference C5 (at 0 1.5 180) (layer B.SilkS)
      (effects (font (size 1 1) (thickness 0.15)) (justify mirror))
    )
    (fp_text value 100nF (at 0 -1.75 180) (layer B.Fab)
      (effects (font (size 1 1) (thickness 0.15)) (justify mirror))
    )
    (fp_text user %R (at 0 1.5 180) (layer B.Fab)
      (effects (font (size 1 1) (thickness 0.15)) (justify mirror))
    )
    (fp_line (start -1 -0.62) (end -1 0.62) (layer B.Fab) (width 0.1))
    (fp_line (start 1 -0.62) (end -1 -0.62) (layer B.Fab) (width 0.1))
    (fp_line (start 1 0.62) (end 1 -0.62) (layer B.Fab) (width 0.1))
    (fp_line (start -1 0.62) (end 1 0.62) (layer B.Fab) (width 0.1))
    (fp_line (start 0.5 0.85) (end -0.5 0.85) (layer B.SilkS) (width 0.12))
    (fp_line (start -0.5 -0.85) (end 0.5 -0.85) (layer B.SilkS) (width 0.12))
    (fp_line (start -1.75 0.88) (end 1.75 0.88) (layer B.CrtYd) (width 0.05))
    (fp_line (start -1.75 0.88) (end -1.75 -0.87) (layer B.CrtYd) (width 0.05))
    (fp_line (start 1.75 -0.87) (end 1.75 0.88) (layer B.CrtYd) (width 0.05))
    (fp_line (start 1.75 -0.87) (end -1.75 -0.87) (layer B.CrtYd) (width 0.05))
    (pad 1 smd rect (at -1 0 180) (size 1 1.25) (layers B.Cu B.Paste B.Mask)
      (net 1 +12V))
    (pad 2 smd rect (at 1 0 180) (size 1 1.25) (layers B.Cu B.Paste B.Mask)
      (net 2 GND))
    (model Capacitors_SMD.3dshapes/C_0805.wrl
      (at (xyz 0 0 0))
      (scale (xyz 1 1 1))
      (rotate (xyz 0 0 0))
    )
  )

  (module Capacitors_SMD:C_0805 (layer B.Cu) (tedit 58AA8463) (tstamp 60147845)
    (at 92.68 76.09)
    (descr "Capacitor SMD 0805, reflow soldering, AVX (see smccp.pdf)")
    (tags "capacitor 0805")
    (path /5E8276D7)
    (attr smd)
    (fp_text reference C6 (at 0 1.5) (layer B.SilkS)
      (effects (font (size 1 1) (thickness 0.15)) (justify mirror))
    )
    (fp_text value 100nF (at 0 -1.75) (layer B.Fab)
      (effects (font (size 1 1) (thickness 0.15)) (justify mirror))
    )
    (fp_text user %R (at 0 1.5) (layer B.Fab)
      (effects (font (size 1 1) (thickness 0.15)) (justify mirror))
    )
    (fp_line (start -1 -0.62) (end -1 0.62) (layer B.Fab) (width 0.1))
    (fp_line (start 1 -0.62) (end -1 -0.62) (layer B.Fab) (width 0.1))
    (fp_line (start 1 0.62) (end 1 -0.62) (layer B.Fab) (width 0.1))
    (fp_line (start -1 0.62) (end 1 0.62) (layer B.Fab) (width 0.1))
    (fp_line (start 0.5 0.85) (end -0.5 0.85) (layer B.SilkS) (width 0.12))
    (fp_line (start -0.5 -0.85) (end 0.5 -0.85) (layer B.SilkS) (width 0.12))
    (fp_line (start -1.75 0.88) (end 1.75 0.88) (layer B.CrtYd) (width 0.05))
    (fp_line (start -1.75 0.88) (end -1.75 -0.87) (layer B.CrtYd) (width 0.05))
    (fp_line (start 1.75 -0.87) (end 1.75 0.88) (layer B.CrtYd) (width 0.05))
    (fp_line (start 1.75 -0.87) (end -1.75 -0.87) (layer B.CrtYd) (width 0.05))
    (pad 1 smd rect (at -1 0) (size 1 1.25) (layers B.Cu B.Paste B.Mask)
      (net 3 -12V))
    (pad 2 smd rect (at 1 0) (size 1 1.25) (layers B.Cu B.Paste B.Mask)
      (net 2 GND))
    (model Capacitors_SMD.3dshapes/C_0805.wrl
      (at (xyz 0 0 0))
      (scale (xyz 1 1 1))
      (rotate (xyz 0 0 0))
    )
  )

  (module Capacitors_SMD:C_0805 (layer B.Cu) (tedit 58AA8463) (tstamp 60147856)
    (at 126.48 153.16 180)
    (descr "Capacitor SMD 0805, reflow soldering, AVX (see smccp.pdf)")
    (tags "capacitor 0805")
    (path /5FED4BC6)
    (attr smd)
    (fp_text reference C7 (at 0 1.5 180) (layer B.SilkS)
      (effects (font (size 1 1) (thickness 0.15)) (justify mirror))
    )
    (fp_text value 47pF (at 0 -1.75 180) (layer B.Fab)
      (effects (font (size 1 1) (thickness 0.15)) (justify mirror))
    )
    (fp_line (start 1.75 -0.87) (end -1.75 -0.87) (layer B.CrtYd) (width 0.05))
    (fp_line (start 1.75 -0.87) (end 1.75 0.88) (layer B.CrtYd) (width 0.05))
    (fp_line (start -1.75 0.88) (end -1.75 -0.87) (layer B.CrtYd) (width 0.05))
    (fp_line (start -1.75 0.88) (end 1.75 0.88) (layer B.CrtYd) (width 0.05))
    (fp_line (start -0.5 -0.85) (end 0.5 -0.85) (layer B.SilkS) (width 0.12))
    (fp_line (start 0.5 0.85) (end -0.5 0.85) (layer B.SilkS) (width 0.12))
    (fp_line (start -1 0.62) (end 1 0.62) (layer B.Fab) (width 0.1))
    (fp_line (start 1 0.62) (end 1 -0.62) (layer B.Fab) (width 0.1))
    (fp_line (start 1 -0.62) (end -1 -0.62) (layer B.Fab) (width 0.1))
    (fp_line (start -1 -0.62) (end -1 0.62) (layer B.Fab) (width 0.1))
    (fp_text user %R (at 0 1.5 180) (layer B.Fab)
      (effects (font (size 1 1) (thickness 0.15)) (justify mirror))
    )
    (pad 2 smd rect (at 1 0 180) (size 1 1.25) (layers B.Cu B.Paste B.Mask)
      (net 4 "Net-(C7-Pad2)"))
    (pad 1 smd rect (at -1 0 180) (size 1 1.25) (layers B.Cu B.Paste B.Mask)
      (net 5 "Net-(C7-Pad1)"))
    (model Capacitors_SMD.3dshapes/C_0805.wrl
      (at (xyz 0 0 0))
      (scale (xyz 1 1 1))
      (rotate (xyz 0 0 0))
    )
  )

  (module SMD_Packages:SMD-1206_Pol (layer B.Cu) (tedit 0) (tstamp 60147865)
    (at 150.8 118.16)
    (path /5E8871AA/5FF507C9)
    (attr smd)
    (fp_text reference C8 (at 0 0) (layer B.SilkS)
      (effects (font (size 1 1) (thickness 0.15)) (justify mirror))
    )
    (fp_text value 10uF (at 0 0) (layer B.Fab)
      (effects (font (size 1 1) (thickness 0.15)) (justify mirror))
    )
    (fp_line (start -0.889 1.143) (end -2.54 1.143) (layer B.SilkS) (width 0.15))
    (fp_line (start 2.54 -1.143) (end 0.889 -1.143) (layer B.SilkS) (width 0.15))
    (fp_line (start 2.54 1.143) (end 2.54 -1.143) (layer B.SilkS) (width 0.15))
    (fp_line (start 0.889 1.143) (end 2.54 1.143) (layer B.SilkS) (width 0.15))
    (fp_line (start -2.54 -1.143) (end -0.889 -1.143) (layer B.SilkS) (width 0.15))
    (fp_line (start -2.54 1.143) (end -2.54 -1.143) (layer B.SilkS) (width 0.15))
    (fp_line (start -2.794 -1.143) (end -2.54 -1.143) (layer B.SilkS) (width 0.15))
    (fp_line (start -2.794 1.143) (end -2.794 -1.143) (layer B.SilkS) (width 0.15))
    (fp_line (start -2.54 1.143) (end -2.794 1.143) (layer B.SilkS) (width 0.15))
    (pad 2 smd rect (at 1.651 0) (size 1.524 2.032) (layers B.Cu B.Paste B.Mask)
      (net 2 GND))
    (pad 1 smd rect (at -1.651 0) (size 1.524 2.032) (layers B.Cu B.Paste B.Mask)
      (net 6 +3.3VA))
    (model SMD_Packages.3dshapes/SMD-1206_Pol.wrl
      (at (xyz 0 0 0))
      (scale (xyz 0.17 0.16 0.16))
      (rotate (xyz 0 0 0))
    )
  )

  (module Capacitors_SMD:C_0805 (layer B.Cu) (tedit 58AA8463) (tstamp 60147876)
    (at 151.96 121.89)
    (descr "Capacitor SMD 0805, reflow soldering, AVX (see smccp.pdf)")
    (tags "capacitor 0805")
    (path /5E8871AA/5FF509B6)
    (attr smd)
    (fp_text reference C9 (at 0 1.5) (layer B.SilkS)
      (effects (font (size 1 1) (thickness 0.15)) (justify mirror))
    )
    (fp_text value 100nF (at 0 -1.75) (layer B.Fab)
      (effects (font (size 1 1) (thickness 0.15)) (justify mirror))
    )
    (fp_line (start 1.75 -0.87) (end -1.75 -0.87) (layer B.CrtYd) (width 0.05))
    (fp_line (start 1.75 -0.87) (end 1.75 0.88) (layer B.CrtYd) (width 0.05))
    (fp_line (start -1.75 0.88) (end -1.75 -0.87) (layer B.CrtYd) (width 0.05))
    (fp_line (start -1.75 0.88) (end 1.75 0.88) (layer B.CrtYd) (width 0.05))
    (fp_line (start -0.5 -0.85) (end 0.5 -0.85) (layer B.SilkS) (width 0.12))
    (fp_line (start 0.5 0.85) (end -0.5 0.85) (layer B.SilkS) (width 0.12))
    (fp_line (start -1 0.62) (end 1 0.62) (layer B.Fab) (width 0.1))
    (fp_line (start 1 0.62) (end 1 -0.62) (layer B.Fab) (width 0.1))
    (fp_line (start 1 -0.62) (end -1 -0.62) (layer B.Fab) (width 0.1))
    (fp_line (start -1 -0.62) (end -1 0.62) (layer B.Fab) (width 0.1))
    (fp_text user %R (at 0 1.5) (layer B.Fab)
      (effects (font (size 1 1) (thickness 0.15)) (justify mirror))
    )
    (pad 2 smd rect (at 1 0) (size 1 1.25) (layers B.Cu B.Paste B.Mask)
      (net 2 GND))
    (pad 1 smd rect (at -1 0) (size 1 1.25) (layers B.Cu B.Paste B.Mask)
      (net 6 +3.3VA))
    (model Capacitors_SMD.3dshapes/C_0805.wrl
      (at (xyz 0 0 0))
      (scale (xyz 1 1 1))
      (rotate (xyz 0 0 0))
    )
  )

  (module Capacitors_SMD:C_0805 (layer B.Cu) (tedit 58AA8463) (tstamp 60147887)
    (at 133.56 154.42)
    (descr "Capacitor SMD 0805, reflow soldering, AVX (see smccp.pdf)")
    (tags "capacitor 0805")
    (path /5E8C7ADC)
    (attr smd)
    (fp_text reference C10 (at 0 1.5) (layer B.SilkS)
      (effects (font (size 1 1) (thickness 0.15)) (justify mirror))
    )
    (fp_text value 100nF (at 0 -1.75) (layer B.Fab)
      (effects (font (size 1 1) (thickness 0.15)) (justify mirror))
    )
    (fp_line (start 1.75 -0.87) (end -1.75 -0.87) (layer B.CrtYd) (width 0.05))
    (fp_line (start 1.75 -0.87) (end 1.75 0.88) (layer B.CrtYd) (width 0.05))
    (fp_line (start -1.75 0.88) (end -1.75 -0.87) (layer B.CrtYd) (width 0.05))
    (fp_line (start -1.75 0.88) (end 1.75 0.88) (layer B.CrtYd) (width 0.05))
    (fp_line (start -0.5 -0.85) (end 0.5 -0.85) (layer B.SilkS) (width 0.12))
    (fp_line (start 0.5 0.85) (end -0.5 0.85) (layer B.SilkS) (width 0.12))
    (fp_line (start -1 0.62) (end 1 0.62) (layer B.Fab) (width 0.1))
    (fp_line (start 1 0.62) (end 1 -0.62) (layer B.Fab) (width 0.1))
    (fp_line (start 1 -0.62) (end -1 -0.62) (layer B.Fab) (width 0.1))
    (fp_line (start -1 -0.62) (end -1 0.62) (layer B.Fab) (width 0.1))
    (fp_text user %R (at 0 1.5) (layer B.Fab)
      (effects (font (size 1 1) (thickness 0.15)) (justify mirror))
    )
    (pad 2 smd rect (at 1 0) (size 1 1.25) (layers B.Cu B.Paste B.Mask)
      (net 2 GND))
    (pad 1 smd rect (at -1 0) (size 1 1.25) (layers B.Cu B.Paste B.Mask)
      (net 1 +12V))
    (model Capacitors_SMD.3dshapes/C_0805.wrl
      (at (xyz 0 0 0))
      (scale (xyz 1 1 1))
      (rotate (xyz 0 0 0))
    )
  )

  (module Capacitors_SMD:C_0805 (layer B.Cu) (tedit 58AA8463) (tstamp 60147898)
    (at 125.83 147.23 180)
    (descr "Capacitor SMD 0805, reflow soldering, AVX (see smccp.pdf)")
    (tags "capacitor 0805")
    (path /5E8C7AE2)
    (attr smd)
    (fp_text reference C11 (at 0 1.5 180) (layer B.SilkS)
